# genomeia body export
# cells=947 links=2617 bone=224 muscle=95
# P <genomeId> <x> <y> <radius> <cellType> <bone> <muscle>
# L <genomeIdA> <genomeIdB>
P 0 64.0000 64.0000 0.5000 2 1 0
P 1 64.6000 64.0000 0.5000 0 0 0
P 497 63.4000 64.0000 0.5000 0 0 0
P 498 63.7000 64.5196 0.5000 2 1 0
P 499 63.7000 63.4804 0.5000 0 0 0
P 500 64.3000 64.5196 0.5000 2 1 0
P 501 64.3000 63.4804 0.5000 0 0 0
P 502 64.0000 65.0392 0.5000 2 1 0
P 503 64.6000 65.0392 0.5000 0 0 0
P 504 63.4000 65.0392 0.5000 0 0 0
P 505 63.7000 65.5588 0.5000 0 0 0
P 506 64.3000 65.5588 0.5000 0 0 0
P 507 64.0000 62.9608 0.5000 2 1 0
P 508 64.0000 66.0785 0.5000 2 1 0
P 509 64.6000 66.0785 0.5000 2 1 0
P 510 63.4000 66.0785 0.5000 2 1 0
P 511 63.7000 66.5981 0.5000 0 0 0
P 512 64.3000 66.5981 0.5000 0 0 0
P 513 64.0000 67.1177 0.5000 2 1 0
P 514 64.6000 67.1177 0.5000 0 0 0
P 515 63.4000 67.1177 0.5000 0 0 0
P 516 63.7000 67.6373 0.5000 0 0 0
P 517 64.3000 67.6373 0.5000 0 0 0
P 518 64.6000 62.9608 0.5000 0 0 0
P 519 63.4000 62.9608 0.5000 0 0 0
P 520 63.7000 62.4412 0.5000 0 0 0
P 521 64.3000 62.4412 0.5000 0 0 0
P 522 64.0000 61.9215 0.5000 2 1 0
P 523 64.6000 61.9215 0.5000 0 0 0
P 524 63.4000 61.9215 0.5000 0 0 0
P 525 63.7000 61.4019 0.5000 0 0 0
P 526 64.3000 61.4019 0.5000 0 0 0
P 527 64.0000 68.1569 0.5000 2 1 0
P 528 64.6000 68.1569 0.5000 0 0 0
P 529 63.4000 68.1569 0.5000 0 0 0
P 530 63.7000 68.6765 0.5000 2 1 0
P 531 64.3000 68.6765 0.5000 2 1 0
P 532 64.0000 69.1962 0.5000 2 1 0
P 533 64.6000 69.1962 0.5000 2 1 0
P 534 63.4000 69.1962 0.5000 2 1 0
P 535 64.3000 69.7158 0.5000 5 0 1
P 536 63.7000 69.7158 0.5000 5 0 1
P 537 63.1000 69.7158 0.5000 2 1 0
P 538 64.9000 69.7158 0.5000 2 1 0
P 539 64.0000 70.2354 0.5000 2 1 0
P 540 64.6000 70.2354 0.5000 5 0 1
P 541 63.4000 70.2354 0.5000 5 0 1
P 542 64.3000 70.7550 0.5000 5 0 1
P 543 63.7000 70.7550 0.5000 5 0 1
P 544 64.0000 71.2746 0.5000 2 1 0
P 545 64.6000 71.2746 0.5000 5 0 1
P 546 63.4000 71.2746 0.5000 5 0 1
P 547 64.3000 71.7942 0.5000 5 0 1
P 548 63.7000 71.7942 0.5000 5 0 1
P 549 64.0000 60.8823 0.5000 2 1 0
P 550 64.6000 60.8823 0.5000 0 0 0
P 551 63.4000 60.8823 0.5000 0 0 0
P 552 63.7000 60.3627 0.5000 0 0 0
P 553 64.3000 60.3627 0.5000 0 0 0
P 554 64.0000 59.8431 0.5000 2 1 0
P 555 64.6000 59.8431 0.5000 0 0 0
P 556 63.4000 59.8431 0.5000 0 0 0
P 557 63.7000 59.3235 0.5000 0 0 0
P 558 64.3000 59.3235 0.5000 0 0 0
P 559 64.0000 58.8038 0.5000 2 1 0
P 560 63.1000 70.7550 0.5000 2 1 0
P 561 64.9000 70.7550 0.5000 2 1 0
P 562 63.1000 68.6765 0.5000 2 1 0
P 563 64.9000 68.6765 0.5000 2 1 0
P 564 62.8000 69.1962 0.5000 0 0 0
P 565 65.2000 69.1962 0.5000 0 0 0
P 566 62.8000 70.2354 0.5000 0 0 0
P 567 62.5000 69.7158 0.5000 0 0 0
P 568 65.2000 70.2354 0.5000 0 0 0
P 569 65.5000 69.7158 0.5000 0 0 0
P 570 62.5000 70.7550 0.5000 0 0 0
P 571 62.8000 71.2746 0.5000 0 0 0
P 572 63.1000 71.7942 0.5000 2 1 0
P 573 64.9000 71.7942 0.5000 2 1 0
P 574 65.2000 71.2746 0.5000 0 0 0
P 575 65.5000 70.7550 0.5000 0 0 0
P 576 63.1000 67.6373 0.5000 0 0 0
P 577 64.9000 67.6373 0.5000 0 0 0
P 578 62.8000 68.1569 0.5000 0 0 0
P 579 65.2000 68.1569 0.5000 0 0 0
P 580 63.1000 66.5981 0.5000 0 0 0
P 581 64.9000 66.5981 0.5000 0 0 0
P 582 63.1000 65.5588 0.5000 0 0 0
P 583 64.9000 65.5588 0.5000 0 0 0
P 584 63.1000 64.5196 0.5000 2 1 0
P 585 64.9000 64.5196 0.5000 2 1 0
P 586 62.8000 66.0785 0.5000 0 0 0
P 587 65.2000 66.0785 0.5000 0 0 0
P 588 62.8000 67.1177 0.5000 2 1 0
P 589 65.2000 67.1177 0.5000 2 1 0
P 590 62.5000 67.6373 0.5000 0 0 0
P 591 65.5000 67.6373 0.5000 0 0 0
P 592 62.5000 68.6765 0.5000 2 1 0
P 593 65.5000 68.6765 0.5000 2 1 0
P 594 62.2000 69.1962 0.5000 0 0 0
P 595 65.8000 69.1962 0.5000 0 0 0
P 596 62.2000 70.2354 0.5000 0 0 0
P 597 65.8000 70.2354 0.5000 0 0 0
P 598 61.9000 69.7158 0.5000 0 0 0
P 599 66.1000 69.7158 0.5000 0 0 0
P 600 61.6000 70.2354 0.5000 5 0 1
P 601 61.9000 70.7550 0.5000 0 0 0
P 602 62.2000 71.2746 0.5000 0 0 0
P 603 65.8000 71.2746 0.5000 0 0 0
P 604 66.1000 70.7550 0.5000 0 0 0
P 605 66.4000 70.2354 0.5000 5 0 1
P 606 63.1000 62.4412 0.5000 0 0 0
P 607 64.9000 62.4412 0.5000 0 0 0
P 608 63.1000 63.4804 0.5000 0 0 0
P 609 64.9000 63.4804 0.5000 0 0 0
P 610 62.8000 64.0000 0.5000 0 0 0
P 611 65.2000 64.0000 0.5000 0 0 0
P 612 62.8000 65.0392 0.5000 0 0 0
P 613 65.2000 65.0392 0.5000 0 0 0
P 614 62.5000 64.5196 0.5000 2 1 0
P 615 65.5000 64.5196 0.5000 2 1 0
P 616 62.5000 65.5588 0.5000 0 0 0
P 617 65.5000 65.5588 0.5000 0 0 0
P 618 62.2000 65.0392 0.5000 0 0 0
P 619 65.8000 65.0392 0.5000 0 0 0
P 620 62.2000 66.0785 0.5000 0 0 0
P 621 65.8000 66.0785 0.5000 0 0 0
P 622 62.5000 66.5981 0.5000 0 0 0
P 623 65.5000 66.5981 0.5000 0 0 0
P 624 62.2000 67.1177 0.5000 0 0 0
P 625 65.8000 67.1177 0.5000 0 0 0
P 626 62.2000 68.1569 0.5000 2 1 0
P 627 65.8000 68.1569 0.5000 2 1 0
P 628 61.9000 67.6373 0.5000 0 0 0
P 629 66.1000 67.6373 0.5000 0 0 0
P 630 61.9000 68.6765 0.5000 2 1 0
P 631 66.1000 68.6765 0.5000 2 1 0
P 632 61.6000 68.1569 0.5000 0 0 0
P 633 66.4000 68.1569 0.5000 0 0 0
P 634 66.1000 66.5981 0.5000 0 0 0
P 635 61.9000 66.5981 0.5000 0 0 0
P 636 61.9000 65.5588 0.5000 0 0 0
P 637 66.1000 65.5588 0.5000 0 0 0
P 638 62.5000 63.4804 0.5000 0 0 0
P 639 65.5000 63.4804 0.5000 0 0 0
P 640 62.8000 62.9608 0.5000 0 0 0
P 641 65.2000 62.9608 0.5000 0 0 0
P 642 62.5000 62.4412 0.5000 0 0 0
P 643 65.5000 62.4412 0.5000 0 0 0
P 644 62.8000 61.9215 0.5000 0 0 0
P 645 65.2000 61.9215 0.5000 0 0 0
P 646 63.1000 61.4019 0.5000 0 0 0
P 647 64.9000 61.4019 0.5000 0 0 0
P 648 62.8000 60.8823 0.5000 0 0 0
P 649 65.2000 60.8823 0.5000 0 0 0
P 650 63.1000 60.3627 0.5000 0 0 0
P 651 64.9000 60.3627 0.5000 0 0 0
P 652 62.5000 61.4019 0.5000 0 0 0
P 653 65.5000 61.4019 0.5000 0 0 0
P 654 62.2000 61.9215 0.5000 0 0 0
P 655 65.8000 61.9215 0.5000 0 0 0
P 656 62.2000 62.9608 0.5000 0 0 0
P 657 65.8000 62.9608 0.5000 0 0 0
P 658 61.9000 62.4412 0.5000 0 0 0
P 659 66.1000 62.4412 0.5000 0 0 0
P 660 62.2000 64.0000 0.5000 0 0 0
P 661 65.8000 64.0000 0.5000 0 0 0
P 662 61.9000 63.4804 0.5000 0 0 0
P 663 66.1000 63.4804 0.5000 0 0 0
P 664 66.1000 64.5196 0.5000 2 1 0
P 665 66.4000 64.0000 0.5000 0 0 0
P 666 61.9000 64.5196 0.5000 2 1 0
P 667 61.6000 64.0000 0.5000 0 0 0
P 668 66.4000 65.0392 0.5000 0 0 0
P 669 66.7000 65.5588 0.5000 0 0 0
P 670 66.4000 66.0785 0.5000 0 0 0
P 671 66.7000 66.5981 0.5000 0 0 0
P 672 66.4000 67.1177 0.5000 0 0 0
P 673 61.6000 66.0785 0.5000 0 0 0
P 674 61.6000 65.0392 0.5000 0 0 0
P 675 61.3000 64.5196 0.5000 2 1 0
P 676 61.3000 65.5588 0.5000 0 0 0
P 677 61.3000 66.5981 0.5000 0 0 0
P 678 61.6000 67.1177 0.5000 0 0 0
P 679 61.3000 67.6373 0.5000 0 0 0
P 680 66.7000 67.6373 0.5000 0 0 0
P 681 61.6000 69.1962 0.5000 5 0 1
P 682 66.4000 69.1962 0.5000 5 0 1
P 683 61.3000 69.7158 0.5000 5 0 1
P 684 61.3000 68.6765 0.5000 2 1 0
P 685 66.7000 68.6765 0.5000 2 1 0
P 686 66.7000 69.7158 0.5000 5 0 1
P 687 61.6000 62.9608 0.5000 0 0 0
P 688 66.4000 62.9608 0.5000 0 0 0
P 689 62.5000 71.7942 0.5000 0 0 0
P 690 65.5000 71.7942 0.5000 0 0 0
P 691 63.4000 72.3138 0.5000 5 0 1
P 692 62.8000 72.3138 0.5000 2 1 0
P 693 64.0000 72.3138 0.5000 4 0 0
P 694 64.6000 72.3138 0.5000 5 0 1
P 695 65.2000 72.3138 0.5000 2 1 0
P 696 63.7000 72.8335 0.5000 4 0 0
P 697 63.1000 72.8335 0.5000 2 1 0
P 698 64.3000 72.8335 0.5000 4 0 0
P 699 64.9000 72.8335 0.5000 2 1 0
P 700 62.8000 59.8431 0.5000 0 0 0
P 701 65.2000 59.8431 0.5000 0 0 0
P 702 63.1000 59.3235 0.5000 0 0 0
P 703 64.9000 59.3235 0.5000 0 0 0
P 704 64.6000 58.8038 0.5000 0 0 0
P 705 63.4000 58.8038 0.5000 0 0 0
P 706 64.3000 58.2842 0.5000 0 0 0
P 707 63.7000 58.2842 0.5000 0 0 0
P 708 64.0000 73.3531 0.5000 2 1 0
P 709 64.6000 73.3531 0.5000 5 0 1
P 710 63.4000 73.3531 0.5000 5 0 1
P 711 63.7000 73.8727 0.5000 0 0 0
P 712 64.3000 73.8727 0.5000 0 0 0
P 713 64.0000 57.7646 0.5000 2 1 0
P 714 64.6000 57.7646 0.5000 0 0 0
P 715 63.4000 57.7646 0.5000 0 0 0
P 716 64.3000 57.2450 0.5000 0 0 0
P 717 63.7000 57.2450 0.5000 0 0 0
P 718 62.5000 60.3627 0.5000 0 0 0
P 719 65.5000 60.3627 0.5000 0 0 0
P 720 64.0000 56.7254 0.5000 2 1 0
P 721 64.6000 56.7254 0.5000 0 0 0
P 722 63.4000 56.7254 0.5000 0 0 0
P 723 64.3000 56.2058 0.5000 0 0 0
P 724 63.7000 56.2058 0.5000 0 0 0
P 725 61.6000 61.9215 0.5000 0 0 0
P 726 66.4000 61.9215 0.5000 0 0 0
P 727 61.9000 61.4019 0.5000 0 0 0
P 728 66.1000 61.4019 0.5000 0 0 0
P 729 62.2000 60.8823 0.5000 0 0 0
P 730 65.8000 60.8823 0.5000 0 0 0
P 731 61.9000 60.3627 0.5000 2 1 0
P 732 66.1000 60.3627 0.5000 2 1 0
P 733 62.2000 59.8431 0.5000 0 0 0
P 734 65.8000 59.8431 0.5000 0 0 0
P 735 62.5000 59.3235 0.5000 2 1 0
P 736 65.5000 59.3235 0.5000 2 1 0
P 737 62.8000 58.8038 0.5000 0 0 0
P 738 65.2000 58.8038 0.5000 0 0 0
P 739 63.1000 58.2842 0.5000 2 1 0
P 740 64.9000 58.2842 0.5000 2 1 0
P 741 63.1000 57.2450 0.5000 0 0 0
P 742 64.9000 57.2450 0.5000 0 0 0
P 743 62.8000 57.7646 0.5000 0 0 0
P 744 65.2000 57.7646 0.5000 0 0 0
P 745 64.0000 55.6862 0.5000 2 1 0
P 746 64.6000 55.6862 0.5000 0 0 0
P 747 63.4000 55.6862 0.5000 0 0 0
P 748 63.7000 55.1665 0.5000 0 0 0
P 749 64.3000 55.1665 0.5000 0 0 0
P 750 64.0000 54.6469 0.5000 2 1 0
P 751 64.6000 54.6469 0.5000 0 0 0
P 752 63.4000 54.6469 0.5000 0 0 0
P 753 63.7000 54.1273 0.5000 0 0 0
P 754 64.3000 54.1273 0.5000 0 0 0
P 755 64.0000 53.6077 0.5000 2 1 0
P 756 64.6000 53.6077 0.5000 0 0 0
P 757 63.4000 53.6077 0.5000 0 0 0
P 758 63.7000 53.0881 0.5000 0 0 0
P 759 64.3000 53.0881 0.5000 0 0 0
P 760 62.5000 58.2842 0.5000 0 0 0
P 761 65.5000 58.2842 0.5000 0 0 0
P 762 63.1000 56.2058 0.5000 0 0 0
P 763 64.9000 56.2058 0.5000 0 0 0
P 764 62.8000 56.7254 0.5000 0 0 0
P 765 65.2000 56.7254 0.5000 0 0 0
P 766 63.1000 55.1665 0.5000 0 0 0
P 767 64.9000 55.1665 0.5000 0 0 0
P 768 63.1000 54.1273 0.5000 0 0 0
P 769 64.9000 54.1273 0.5000 0 0 0
P 770 64.0000 52.5685 0.5000 2 1 0
P 771 62.8000 55.6862 0.5000 0 0 0
P 772 65.2000 55.6862 0.5000 0 0 0
P 773 62.5000 57.2450 0.5000 0 0 0
P 774 65.5000 57.2450 0.5000 0 0 0
P 775 62.2000 58.8038 0.5000 0 0 0
P 776 65.8000 58.8038 0.5000 0 0 0
P 777 64.6000 52.5685 0.5000 0 0 0
P 778 63.4000 52.5685 0.5000 0 0 0
P 779 64.3000 52.0489 0.5000 0 0 0
P 780 63.7000 52.0489 0.5000 0 0 0
P 781 64.0000 51.5292 0.5000 2 1 0
P 782 64.6000 51.5292 0.5000 0 0 0
P 783 63.4000 51.5292 0.5000 0 0 0
P 784 64.3000 51.0096 0.5000 0 0 0
P 785 63.7000 51.0096 0.5000 0 0 0
P 786 64.0000 50.4900 0.5000 2 1 0
P 787 64.6000 50.4900 0.5000 0 0 0
P 788 63.4000 50.4900 0.5000 0 0 0
P 789 64.3000 49.9704 0.5000 0 0 0
P 790 63.7000 49.9704 0.5000 0 0 0
P 791 64.0000 49.4508 0.5000 2 1 0
P 792 64.6000 49.4508 0.5000 2 1 0
P 793 63.4000 49.4508 0.5000 2 1 0
P 794 64.3000 48.9312 0.5000 0 0 0
P 795 63.7000 48.9312 0.5000 0 0 0
P 796 64.0000 48.4115 0.5000 2 1 0
P 797 64.6000 48.4115 0.5000 2 1 0
P 798 63.4000 48.4115 0.5000 2 1 0
P 799 64.3000 47.8919 0.5000 2 1 0
P 800 63.7000 47.8919 0.5000 2 1 0
P 801 64.0000 47.3723 0.5000 2 1 0
P 802 64.6000 47.3723 0.5000 0 0 0
P 803 63.4000 47.3723 0.5000 0 0 0
P 804 64.3000 46.8527 0.5000 2 1 0
P 805 63.7000 46.8527 0.5000 2 1 0
P 806 63.1000 53.0881 0.5000 0 0 0
P 807 64.9000 53.0881 0.5000 0 0 0
P 808 63.1000 52.0489 0.5000 0 0 0
P 810 64.9000 52.0489 0.5000 0 0 0
P 811 64.0000 46.3331 0.5000 2 1 0
P 812 62.8000 54.6469 0.5000 0 0 0
P 813 65.2000 54.6469 0.5000 0 0 0
P 814 62.5000 56.2058 0.5000 0 0 0
P 815 65.5000 56.2058 0.5000 0 0 0
P 816 62.2000 57.7646 0.5000 0 0 0
P 817 65.8000 57.7646 0.5000 0 0 0
P 818 61.9000 59.3235 0.5000 0 0 0
P 819 66.1000 59.3235 0.5000 0 0 0
P 820 61.6000 60.8823 0.5000 0 0 0
P 821 66.4000 60.8823 0.5000 0 0 0
P 822 61.3000 62.4412 0.5000 0 0 0
P 823 66.7000 62.4412 0.5000 0 0 0
P 824 61.3000 63.4804 0.5000 0 0 0
P 825 66.7000 63.4804 0.5000 0 0 0
P 826 61.0000 65.0392 0.5000 2 1 0
P 827 66.7000 64.5196 0.5000 2 1 0
P 828 67.0000 65.0392 0.5000 2 1 0
P 829 61.0000 66.0785 0.5000 2 1 0
P 830 67.0000 66.0785 0.5000 2 1 0
P 831 61.0000 67.1177 0.5000 2 1 0
P 832 67.0000 67.1177 0.5000 2 1 0
P 833 61.0000 68.1569 0.5000 2 1 0
P 834 67.0000 68.1569 0.5000 2 1 0
P 856 61.9000 71.7942 0.5000 0 0 0
P 857 62.2000 72.3138 0.5000 0 0 0
P 858 66.1000 71.7942 0.5000 0 0 0
P 859 65.8000 72.3138 0.5000 0 0 0
P 860 62.5000 72.8335 0.5000 2 1 0
P 861 65.5000 72.8335 0.5000 2 1 0
P 862 62.8000 73.3531 0.5000 5 0 1
P 863 65.2000 73.3531 0.5000 5 0 1
P 864 63.1000 73.8727 0.5000 0 0 0
P 865 64.9000 73.8727 0.5000 0 0 0
P 866 62.5000 73.8727 0.5000 0 0 0
P 867 65.5000 73.8727 0.5000 5 0 1
P 868 62.8000 74.3923 0.5000 2 1 0
P 869 65.2000 74.3923 0.5000 2 1 0
P 870 62.2000 74.3923 0.5000 5 0 1
P 871 65.8000 74.3923 0.5000 5 0 1
P 872 62.2000 73.3531 0.5000 2 1 0
P 873 65.8000 73.3531 0.5000 0 0 0
P 874 62.5000 74.9119 0.5000 0 0 0
P 875 65.5000 74.9119 0.5000 0 0 0
P 876 66.1000 74.9119 0.5000 5 0 1
P 877 61.9000 74.9119 0.5000 5 0 1
P 878 61.9000 73.8727 0.5000 2 1 0
P 879 66.1000 73.8727 0.5000 0 0 0
P 880 61.9000 72.8335 0.5000 0 0 0
P 881 66.1000 72.8335 0.5000 0 0 0
P 882 61.6000 72.3138 0.5000 0 0 0
P 883 66.4000 72.3138 0.5000 0 0 0
P 884 61.6000 71.2746 0.5000 0 0 0
P 885 66.4000 71.2746 0.5000 0 0 0
P 886 62.2000 75.4315 0.5000 2 1 0
P 887 65.8000 75.4315 0.5000 2 1 0
P 888 66.4000 75.4315 0.5000 5 0 1
P 889 61.6000 75.4315 0.5000 5 0 1
P 890 61.6000 74.3923 0.5000 2 1 0
P 891 66.4000 74.3923 0.5000 0 0 0
P 892 61.6000 73.3531 0.5000 5 0 1
P 893 66.4000 73.3531 0.5000 5 0 1
P 894 61.3000 72.8335 0.5000 5 0 1
P 895 61.3000 71.7942 0.5000 5 0 1
P 896 66.7000 72.8335 0.5000 5 0 1
P 897 66.7000 71.7942 0.5000 5 0 1
P 898 66.7000 70.7550 0.5000 5 0 1
P 899 61.3000 70.7550 0.5000 5 0 1
P 900 61.0000 69.1962 0.5000 2 1 0
P 901 67.0000 69.1962 0.5000 2 1 0
P 902 60.7000 68.6765 0.5000 2 1 0
P 903 60.7000 67.6373 0.5000 0 0 0
P 904 60.7000 66.5981 0.5000 0 0 0
P 905 60.7000 65.5588 0.5000 0 0 0
P 906 61.0000 64.0000 0.5000 0 0 0
P 907 61.0000 62.9608 0.5000 0 0 0
P 908 61.3000 61.4019 0.5000 2 1 0
P 909 61.6000 59.8431 0.5000 0 0 0
P 910 61.9000 58.2842 0.5000 0 0 0
P 911 62.2000 56.7254 0.5000 0 0 0
P 912 62.5000 55.1665 0.5000 0 0 0
P 913 62.8000 53.6077 0.5000 0 0 0
P 914 62.8000 52.5685 0.5000 0 0 0
P 915 63.1000 51.0096 0.5000 0 0 0
P 916 63.1000 49.9704 0.5000 0 0 0
P 917 63.1000 48.9312 0.5000 2 1 0
P 918 64.9000 48.9312 0.5000 2 1 0
P 919 64.9000 49.9704 0.5000 0 0 0
P 920 64.9000 51.0096 0.5000 0 0 0
P 921 65.2000 52.5685 0.5000 0 0 0
P 922 65.2000 53.6077 0.5000 0 0 0
P 923 65.5000 55.1665 0.5000 0 0 0
P 924 65.8000 56.7254 0.5000 0 0 0
P 925 66.1000 58.2842 0.5000 0 0 0
P 926 66.4000 59.8431 0.5000 0 0 0
P 927 66.7000 61.4019 0.5000 2 1 0
P 928 67.0000 62.9608 0.5000 0 0 0
P 929 67.0000 64.0000 0.5000 0 0 0
P 930 67.3000 65.5588 0.5000 0 0 0
P 931 67.3000 66.5981 0.5000 0 0 0
P 932 67.3000 67.6373 0.5000 0 0 0
P 933 67.3000 68.6765 0.5000 2 1 0
P 934 61.0000 70.2354 0.5000 5 0 1
P 935 67.0000 70.2354 0.5000 5 0 1
P 936 61.9000 75.9511 0.5000 0 0 0
P 937 66.1000 75.9511 0.5000 0 0 0
P 938 61.3000 75.9511 0.5000 5 0 1
P 939 66.7000 75.9511 0.5000 5 0 1
P 940 61.6000 76.4708 0.5000 5 0 1
P 941 66.4000 76.4708 0.5000 5 0 1
P 942 62.2000 76.4708 0.5000 2 1 0
P 943 65.8000 76.4708 0.5000 2 1 0
P 944 61.9000 76.9904 0.5000 5 0 1
P 945 66.1000 76.9904 0.5000 5 0 1
P 946 62.5000 76.9904 0.5000 0 0 0
P 947 65.5000 76.9904 0.5000 0 0 0
P 948 62.2000 77.5100 0.5000 0 0 0
P 949 65.8000 77.5100 0.5000 0 0 0
P 950 62.8000 77.5100 0.5000 2 1 0
P 951 65.2000 77.5100 0.5000 2 1 0
P 952 62.5000 78.0296 0.5000 2 1 0
P 953 65.5000 78.0296 0.5000 2 1 0
P 954 63.1000 78.0296 0.5000 0 0 0
P 955 64.9000 78.0296 0.5000 0 0 0
P 956 62.8000 78.5492 0.5000 2 1 0
P 957 65.2000 78.5492 0.5000 2 1 0
P 958 63.4000 78.5492 0.5000 2 1 0
P 959 64.6000 78.5492 0.5000 2 1 0
P 960 61.3000 74.9119 0.5000 2 1 0
P 961 66.7000 74.9119 0.5000 2 1 0
P 962 66.7000 73.8727 0.5000 5 0 1
P 963 61.3000 73.8727 0.5000 5 0 1
P 964 61.0000 73.3531 0.5000 5 0 1
P 965 61.0000 74.3923 0.5000 5 0 1
P 966 67.0000 74.3923 0.5000 5 0 1
P 967 67.0000 73.3531 0.5000 5 0 1
P 968 61.0000 75.4315 0.5000 2 1 0
P 969 67.0000 75.4315 0.5000 0 0 0
P 970 60.7000 74.9119 0.5000 5 0 1
P 971 67.3000 74.9119 0.5000 5 0 1
P 972 67.3000 73.8727 0.5000 5 0 1
P 973 60.7000 73.8727 0.5000 5 0 1
P 974 61.0000 72.3138 0.5000 5 0 1
P 975 67.0000 72.3138 0.5000 5 0 1
P 976 61.0000 71.2746 0.5000 5 0 1
P 977 67.0000 71.2746 0.5000 5 0 1
P 978 60.7000 72.8335 0.5000 5 0 1
P 979 67.3000 72.8335 0.5000 5 0 1
P 980 67.3000 71.7942 0.5000 5 0 1
P 981 60.7000 71.7942 0.5000 5 0 1
P 982 60.7000 70.7550 0.5000 5 0 1
P 983 67.3000 70.7550 0.5000 5 0 1
P 984 67.3000 69.7158 0.5000 5 0 1
P 985 60.7000 69.7158 0.5000 5 0 1
P 986 61.9000 78.0296 0.5000 2 1 0
P 987 66.1000 78.0296 0.5000 2 1 0
P 988 66.4000 77.5100 0.5000 2 1 0
P 989 66.7000 76.9904 0.5000 2 1 0
P 990 67.0000 76.4708 0.5000 0 0 0
P 991 67.3000 75.9511 0.5000 0 0 0
P 992 61.6000 77.5100 0.5000 2 1 0
P 993 61.3000 76.9904 0.5000 2 1 0
P 994 61.0000 76.4708 0.5000 2 1 0
P 995 60.7000 75.9511 0.5000 2 1 0
P 996 67.6000 75.4315 0.5000 5 0 1
P 997 60.4000 75.4315 0.5000 5 0 1
P 998 60.1000 75.9511 0.5000 5 0 1
P 999 60.4000 76.4708 0.5000 5 0 1
P 1000 60.7000 76.9904 0.5000 2 1 0
P 1001 61.0000 77.5100 0.5000 0 0 0
P 1002 60.4000 77.5100 0.5000 0 0 0
P 1003 61.3000 78.0296 0.5000 2 1 0
P 1004 62.2000 78.5492 0.5000 0 0 0
P 1005 65.8000 78.5492 0.5000 0 0 0
P 1006 66.7000 78.0296 0.5000 2 1 0
P 1007 67.0000 77.5100 0.5000 0 0 0
P 1008 67.3000 76.9904 0.5000 2 1 0
P 1009 67.6000 76.4708 0.5000 5 0 1
P 1010 67.9000 75.9511 0.5000 5 0 1
P 1011 67.6000 77.5100 0.5000 0 0 0
P 1012 60.1000 76.9904 0.5000 0 0 0
P 1013 59.8000 76.4708 0.5000 0 0 0
P 1014 67.9000 76.9904 0.5000 0 0 0
P 1015 68.2000 76.4708 0.5000 0 0 0
P 1016 60.1000 74.9119 0.5000 5 0 1
P 1017 60.4000 74.3923 0.5000 5 0 1
P 1018 67.9000 74.9119 0.5000 5 0 1
P 1019 67.6000 74.3923 0.5000 5 0 1
P 1020 68.2000 75.4315 0.5000 5 0 1
P 1021 59.8000 75.4315 0.5000 5 0 1
P 1022 60.1000 73.8727 0.5000 5 0 1
P 1023 60.4000 73.3531 0.5000 5 0 1
P 1024 60.1000 72.8335 0.5000 5 0 1
P 1025 60.4000 72.3138 0.5000 5 0 1
P 1026 67.6000 72.3138 0.5000 5 0 1
P 1027 67.9000 72.8335 0.5000 5 0 1
P 1028 67.6000 73.3531 0.5000 5 0 1
P 1029 67.9000 73.8727 0.5000 5 0 1
P 1030 59.8000 74.3923 0.5000 0 0 0
P 1031 59.8000 73.3531 0.5000 5 0 1
P 1032 68.2000 73.3531 0.5000 5 0 1
P 1033 68.2000 74.3923 0.5000 0 0 0
P 1034 60.4000 71.2746 0.5000 5 0 1
P 1035 67.6000 71.2746 0.5000 5 0 1
P 1036 67.9000 70.7550 0.5000 2 1 0
P 1037 67.9000 71.7942 0.5000 2 1 0
P 1038 60.1000 71.7942 0.5000 2 1 0
P 1039 60.4000 70.2354 0.5000 5 0 1
P 1040 60.1000 70.7550 0.5000 2 1 0
P 1041 67.6000 70.2354 0.5000 5 0 1
P 1042 59.8000 71.2746 0.5000 0 0 0
P 1043 68.2000 71.2746 0.5000 0 0 0
P 1044 59.8000 72.3138 0.5000 0 0 0
P 1045 68.2000 72.3138 0.5000 0 0 0
P 1046 60.4000 69.1962 0.5000 5 0 1
P 1047 67.6000 69.1962 0.5000 5 0 1
P 1048 60.4000 68.1569 0.5000 0 0 0
P 1049 60.4000 67.1177 0.5000 0 0 0
P 1050 60.4000 66.0785 0.5000 0 0 0
P 1051 60.7000 64.5196 0.5000 2 1 0
P 1052 60.7000 63.4804 0.5000 0 0 0
P 1053 60.7000 62.4412 0.5000 2 1 0
P 1054 61.0000 61.9215 0.5000 0 0 0
P 1055 67.0000 61.9215 0.5000 0 0 0
P 1056 67.3000 62.4412 0.5000 2 1 0
P 1057 67.3000 63.4804 0.5000 0 0 0
P 1058 67.3000 64.5196 0.5000 2 1 0
P 1059 67.6000 66.0785 0.5000 0 0 0
P 1060 67.6000 67.1177 0.5000 0 0 0
P 1061 67.6000 68.1569 0.5000 0 0 0
P 1062 67.9000 69.7158 0.5000 2 1 0
P 1063 60.1000 69.7158 0.5000 2 1 0
P 1064 60.1000 68.6765 0.5000 2 1 0
P 1065 60.1000 67.6373 0.5000 0 0 0
P 1066 60.1000 66.5981 0.5000 0 0 0
P 1067 67.9000 66.5981 0.5000 0 0 0
P 1068 67.9000 67.6373 0.5000 0 0 0
P 1069 67.9000 68.6765 0.5000 2 1 0
P 1070 59.8000 69.1962 0.5000 0 0 0
P 1071 59.8000 68.1569 0.5000 0 0 0
P 1072 59.8000 67.1177 0.5000 0 0 0
P 1073 68.2000 67.1177 0.5000 0 0 0
P 1074 68.2000 68.1569 0.5000 0 0 0
P 1075 68.2000 69.1962 0.5000 0 0 0
P 1076 59.8000 70.2354 0.5000 0 0 0
P 1077 68.2000 70.2354 0.5000 0 0 0
P 1078 63.1000 79.0688 0.5000 0 0 0
P 1079 64.9000 79.0688 0.5000 0 0 0
P 1080 62.5000 79.0688 0.5000 2 1 0
P 1081 65.5000 79.0688 0.5000 2 1 0
P 1082 61.6000 78.5492 0.5000 0 0 0
P 1083 66.4000 78.5492 0.5000 0 0 0
P 1084 60.7000 78.0296 0.5000 0 0 0
P 1085 67.3000 78.0296 0.5000 0 0 0
P 1086 60.4000 65.0392 0.5000 0 0 0
P 1087 60.1000 65.5588 0.5000 0 0 0
P 1088 67.6000 65.0392 0.5000 0 0 0
P 1089 67.9000 65.5588 0.5000 0 0 0
P 1090 59.8000 66.0785 0.5000 0 0 0
P 1091 68.2000 66.0785 0.5000 0 0 0
P 1092 59.5000 70.7550 0.5000 0 0 0
P 1093 68.5000 70.7550 0.5000 0 0 0
P 1094 59.5000 69.7158 0.5000 0 0 0
P 1095 59.5000 68.6765 0.5000 0 0 0
P 1096 59.2000 69.1962 0.5000 0 0 0
P 1097 59.5000 67.6373 0.5000 0 0 0
P 1098 59.2000 68.1569 0.5000 2 1 0
P 1099 68.5000 69.7158 0.5000 0 0 0
P 1100 68.5000 68.6765 0.5000 0 0 0
P 1101 68.5000 67.6373 0.5000 0 0 0
P 1102 68.8000 68.1569 0.5000 2 1 0
P 1103 68.8000 69.1962 0.5000 0 0 0
P 1104 68.8000 70.2354 0.5000 0 0 0
P 1105 59.2000 70.2354 0.5000 0 0 0
P 1106 59.5000 66.5981 0.5000 0 0 0
P 1107 68.5000 66.5981 0.5000 0 0 0
P 1108 60.1000 64.5196 0.5000 2 1 0
P 1109 59.8000 65.0392 0.5000 0 0 0
P 1110 67.9000 64.5196 0.5000 2 1 0
P 1111 68.2000 65.0392 0.5000 0 0 0
P 1112 67.6000 64.0000 0.5000 0 0 0
P 1113 60.4000 64.0000 0.5000 0 0 0
P 1114 60.4000 62.9608 0.5000 0 0 0
P 1115 67.6000 62.9608 0.5000 0 0 0
P 1116 60.1000 63.4804 0.5000 2 1 0
P 1117 67.9000 63.4804 0.5000 2 1 0
P 1118 59.5000 71.7942 0.5000 0 0 0
P 1119 68.5000 71.7942 0.5000 0 0 0
P 1120 61.0000 60.8823 0.5000 0 0 0
P 1121 67.0000 60.8823 0.5000 0 0 0
P 1122 66.7000 60.3627 0.5000 0 0 0
P 1123 61.3000 60.3627 0.5000 0 0 0
P 1124 61.6000 58.8038 0.5000 0 0 0
P 1125 66.4000 58.8038 0.5000 0 0 0
P 1126 61.3000 59.3235 0.5000 0 0 0
P 1127 66.7000 59.3235 0.5000 0 0 0
P 1128 61.9000 57.2450 0.5000 0 0 0
P 1129 66.1000 57.2450 0.5000 0 0 0
P 1130 61.6000 57.7646 0.5000 0 0 0
P 1131 66.4000 57.7646 0.5000 0 0 0
P 1132 61.0000 59.8431 0.5000 0 0 0
P 1133 67.0000 59.8431 0.5000 0 0 0
P 1134 60.7000 61.4019 0.5000 0 0 0
P 1135 67.3000 61.4019 0.5000 0 0 0
P 1136 62.2000 55.6862 0.5000 0 0 0
P 1137 65.8000 55.6862 0.5000 0 0 0
P 1138 62.5000 54.1273 0.5000 0 0 0
P 1139 65.5000 54.1273 0.5000 0 0 0
P 1140 62.8000 51.5292 0.5000 0 0 0
P 1141 65.2000 51.5292 0.5000 0 0 0
P 1142 64.6000 46.3331 0.5000 0 0 0
P 1143 63.4000 46.3331 0.5000 0 0 0
P 1144 64.3000 45.8135 0.5000 2 1 0
P 1145 63.7000 45.8135 0.5000 2 1 0
P 1146 64.0000 45.2939 0.5000 2 1 0
P 1147 64.6000 45.2939 0.5000 0 0 0
P 1148 63.4000 45.2938 0.5000 0 0 0
P 1149 64.3000 44.7742 0.5000 2 1 0
P 1150 63.7000 44.7742 0.5000 2 1 0
P 1151 64.0000 44.2546 0.5000 2 1 0
P 1152 64.6000 44.2546 0.5000 0 0 0
P 1153 63.4000 44.2546 0.5000 0 0 0
P 1154 64.3000 43.7350 0.5000 0 0 0
P 1155 63.7000 43.7350 0.5000 0 0 0
P 1164 62.8000 50.4900 0.5000 0 0 0
P 1165 65.2000 50.4900 0.5000 0 0 0
P 1166 62.5000 52.0489 0.5000 0 0 0
P 1167 65.5000 52.0489 0.5000 0 0 0
P 1168 62.5000 53.0881 0.5000 0 0 0
P 1169 65.5000 53.0881 0.5000 0 0 0
P 1170 65.8000 54.6469 0.5000 0 0 0
P 1171 62.2000 54.6469 0.5000 0 0 0
P 1172 59.5000 75.9511 0.5000 0 0 0
P 1173 68.5000 75.9511 0.5000 0 0 0
P 1174 59.5000 74.9119 0.5000 2 1 0
P 1175 68.5000 74.9119 0.5000 2 1 0
P 1176 59.2000 75.4315 0.5000 0 0 0
P 1177 68.8000 75.4315 0.5000 0 0 0
P 1178 59.2000 74.3923 0.5000 0 0 0
P 1179 68.8000 74.3923 0.5000 0 0 0
P 1180 58.9000 74.9119 0.5000 0 0 0
P 1181 69.1000 74.9119 0.5000 0 0 0
P 1182 59.5000 73.8727 0.5000 0 0 0
P 1183 68.5000 73.8727 0.5000 0 0 0
P 1184 58.9000 73.8727 0.5000 2 1 0
P 1185 68.8000 73.3531 0.5000 0 0 0
P 1186 58.6000 74.3923 0.5000 0 0 0
P 1187 69.1000 73.8727 0.5000 2 1 0
P 1188 69.4000 74.3923 0.5000 0 0 0
P 1189 59.2000 73.3531 0.5000 0 0 0
P 1190 58.6000 73.3531 0.5000 0 0 0
P 1191 69.4000 73.3531 0.5000 0 0 0
P 1192 58.3000 73.8727 0.5000 0 0 0
P 1193 69.7000 73.8727 0.5000 0 0 0
P 1194 58.9000 72.8335 0.5000 0 0 0
P 1195 69.1000 72.8335 0.5000 0 0 0
P 1196 58.3000 72.8335 0.5000 2 1 0
P 1197 69.7000 72.8335 0.5000 2 1 0
P 1198 58.0000 73.3531 0.5000 0 0 0
P 1199 70.0000 73.3531 0.5000 0 0 0
P 1200 57.7000 72.8335 0.5000 0 0 0
P 1201 70.3000 72.8335 0.5000 0 0 0
P 1202 59.5000 72.8335 0.5000 0 0 0
P 1203 68.5000 72.8335 0.5000 0 0 0
P 1204 58.0000 72.3138 0.5000 0 0 0
P 1205 57.4000 72.3138 0.5000 0 0 0
P 1206 70.0000 72.3138 0.5000 0 0 0
P 1207 70.6000 72.3138 0.5000 0 0 0
P 1208 57.7000 71.7942 0.5000 0 0 0
P 1209 57.1000 71.7942 0.5000 0 0 0
P 1210 70.3000 71.7942 0.5000 0 0 0
P 1211 70.9000 71.7942 0.5000 0 0 0
P 1212 58.6000 72.3138 0.5000 0 0 0
P 1213 69.4000 72.3138 0.5000 0 0 0
P 1214 58.9000 68.6765 0.5000 0 0 0
P 1215 69.1000 68.6765 0.5000 0 0 0
P 1216 58.6000 68.1569 0.5000 0 0 0
P 1217 69.4000 68.1569 0.5000 0 0 0
P 1218 58.9000 67.6373 0.5000 0 0 0
P 1219 69.1000 67.6373 0.5000 0 0 0
P 1220 59.2000 67.1177 0.5000 0 0 0
P 1221 68.8000 67.1177 0.5000 0 0 0
P 1222 58.6000 67.1177 0.5000 0 0 0
P 1223 69.4000 67.1177 0.5000 0 0 0
P 1224 58.3000 67.6373 0.5000 2 1 0
P 1225 69.7000 67.6373 0.5000 2 1 0
P 1226 58.9000 66.5981 0.5000 0 0 0
P 1227 69.1000 66.5981 0.5000 0 0 0
P 1228 58.3000 66.5981 0.5000 0 0 0
P 1229 69.7000 66.5981 0.5000 0 0 0
P 1230 58.0000 67.1177 0.5000 0 0 0
P 1231 70.0000 67.1177 0.5000 0 0 0
P 1232 57.7000 66.5981 0.5000 0 0 0
P 1233 70.3000 66.5981 0.5000 0 0 0
P 1234 59.2000 66.0785 0.5000 0 0 0
P 1235 58.6000 66.0785 0.5000 0 0 0
P 1236 58.0000 66.0785 0.5000 0 0 0
P 1237 68.8000 66.0785 0.5000 0 0 0
P 1238 69.4000 66.0785 0.5000 0 0 0
P 1239 70.0000 66.0785 0.5000 0 0 0
P 1240 70.6000 66.0785 0.5000 0 0 0
P 1241 57.4000 66.0785 0.5000 0 0 0
P 1242 59.5000 65.5588 0.5000 0 0 0
P 1243 68.5000 65.5588 0.5000 0 0 0
P 1244 58.9000 65.5588 0.5000 0 0 0
P 1245 58.3000 65.5588 0.5000 0 0 0
P 1246 57.7000 65.5588 0.5000 0 0 0
P 1247 57.1000 65.5588 0.5000 0 0 0
P 1248 69.1000 65.5588 0.5000 0 0 0
P 1249 69.7000 65.5588 0.5000 0 0 0
P 1250 70.3000 65.5588 0.5000 0 0 0
P 1251 70.9000 65.5588 0.5000 0 0 0
P 1252 57.1000 66.5981 0.5000 0 0 0
P 1253 56.8000 66.0785 0.5000 0 0 0
P 1254 57.4000 67.1177 0.5000 2 1 0
P 1255 57.7000 67.6373 0.5000 0 0 0
P 1256 56.5000 65.5588 0.5000 0 0 0
P 1257 58.0000 68.1569 0.5000 0 0 0
P 1258 56.8000 65.0392 0.5000 0 0 0
P 1286 57.4000 65.0392 0.5000 0 0 0
P 1287 58.0000 65.0392 0.5000 0 0 0
P 1288 58.6000 65.0392 0.5000 0 0 0
P 1289 59.2000 65.0392 0.5000 0 0 0
P 1290 57.1000 67.6373 0.5000 0 0 0
P 1291 56.8000 67.1177 0.5000 0 0 0
P 1292 56.5000 66.5981 0.5000 2 1 0
P 1293 56.2000 66.0785 0.5000 0 0 0
P 1294 56.2000 65.0392 0.5000 0 0 0
P 1295 55.9000 65.5588 0.5000 0 0 0
P 1296 56.2000 67.1177 0.5000 0 0 0
P 1297 55.9000 66.5981 0.5000 0 0 0
P 1298 55.6000 66.0785 0.5000 2 1 0
P 1299 55.6000 65.0392 0.5000 0 0 0
P 1300 55.3000 65.5588 0.5000 0 0 0
P 1301 55.3000 66.5981 0.5000 0 0 0
P 1302 55.0000 66.0785 0.5000 0 0 0
P 1303 55.0000 65.0392 0.5000 0 0 0
P 1304 54.7000 65.5588 0.5000 2 1 0
P 1305 54.4000 65.0392 0.5000 0 0 0
P 1307 54.4000 66.0785 0.5000 0 0 0
P 1308 54.1000 65.5588 0.5000 0 0 0
P 1309 53.8000 65.0392 0.5000 2 1 0
P 1310 59.5000 64.5196 0.5000 2 1 0
P 1311 58.9000 64.5196 0.5000 2 1 0
P 1312 58.3000 64.5196 0.5000 2 1 0
P 1313 57.7000 64.5196 0.5000 2 1 0
P 1314 57.1000 64.5196 0.5000 2 1 0
P 1315 56.5000 64.5196 0.5000 2 1 0
P 1316 55.9000 64.5196 0.5000 2 1 0
P 1317 55.3000 64.5196 0.5000 2 1 0
P 1318 54.7000 64.5196 0.5000 2 1 0
P 1319 54.1000 64.5196 0.5000 2 1 0
P 1320 53.5000 64.5196 0.5000 2 1 0
P 1321 53.5000 65.5588 0.5000 0 0 0
P 1322 53.2000 65.0392 0.5000 0 0 0
P 1323 52.9000 64.5196 0.5000 2 1 0
P 1324 68.8000 65.0392 0.5000 0 0 0
P 1325 69.4000 65.0392 0.5000 0 0 0
P 1326 70.0000 65.0392 0.5000 0 0 0
P 1327 70.6000 65.0392 0.5000 0 0 0
P 1328 68.5000 64.5196 0.5000 2 1 0
P 1329 69.1000 64.5196 0.5000 2 1 0
P 1330 69.7000 64.5196 0.5000 2 1 0
P 1331 70.3000 64.5196 0.5000 2 1 0
P 1332 70.9000 64.5196 0.5000 2 1 0
P 1333 71.2000 65.0392 0.5000 0 0 0
P 1334 71.5000 64.5196 0.5000 2 1 0
P 1335 70.0000 68.1569 0.5000 0 0 0
P 1336 70.3000 67.6373 0.5000 0 0 0
P 1337 70.6000 67.1177 0.5000 2 1 0
P 1338 70.9000 66.5981 0.5000 0 0 0
P 1339 71.2000 66.0785 0.5000 0 0 0
P 1340 71.5000 65.5588 0.5000 0 0 0
P 1341 71.8000 65.0392 0.5000 0 0 0
P 1342 72.1000 64.5196 0.5000 2 1 0
P 1343 70.9000 67.6373 0.5000 0 0 0
P 1344 71.2000 67.1177 0.5000 0 0 0
P 1345 71.5000 66.5981 0.5000 2 1 0
P 1346 71.8000 66.0785 0.5000 0 0 0
P 1347 72.1000 65.5588 0.5000 0 0 0
P 1348 72.4000 65.0392 0.5000 0 0 0
P 1349 72.7000 64.5196 0.5000 2 1 0
P 1350 71.8000 67.1177 0.5000 0 0 0
P 1351 72.1000 66.5981 0.5000 0 0 0
P 1352 72.4000 66.0785 0.5000 2 1 0
P 1353 72.7000 65.5588 0.5000 0 0 0
P 1354 73.0000 65.0392 0.5000 0 0 0
P 1355 72.7000 66.5981 0.5000 0 0 0
P 1356 73.0000 66.0785 0.5000 0 0 0
P 1357 73.3000 65.5588 0.5000 2 1 0
P 1358 73.3000 64.5196 0.5000 2 1 0
P 1359 73.6000 65.0392 0.5000 0 0 0
P 1360 73.6000 66.0785 0.5000 0 0 0
P 1361 73.9000 65.5588 0.5000 0 0 0
P 1362 73.9000 64.5196 0.5000 2 1 0
P 1363 74.2000 65.0392 0.5000 2 1 0
P 1364 74.5000 65.5588 0.5000 0 0 0
P 1365 74.5000 64.5196 0.5000 2 1 0
P 1366 74.8000 65.0392 0.5000 0 0 0
P 1367 75.1000 64.5196 0.5000 2 1 0
P 1369 52.6000 65.0392 0.5000 0 0 0
P 1375 52.3000 64.5196 0.5000 0 0 0
P 1377 75.7000 64.5196 0.5000 0 0 0
P 1378 75.4000 65.0392 0.5000 0 0 0
P 1379 59.8000 64.0000 0.5000 0 0 0
P 1380 59.2000 64.0000 0.5000 0 0 0
P 1381 58.6000 64.0000 0.5000 0 0 0
P 1382 58.0000 64.0000 0.5000 0 0 0
P 1383 57.4000 64.0000 0.5000 0 0 0
P 1384 56.8000 64.0000 0.5000 0 0 0
P 1385 56.2000 64.0000 0.5000 0 0 0
P 1386 55.6000 64.0000 0.5000 0 0 0
P 1387 55.0000 64.0000 0.5000 0 0 0
P 1388 54.4000 64.0000 0.5000 0 0 0
P 1389 53.8000 64.0000 0.5000 0 0 0
P 1390 53.2000 64.0000 0.5000 0 0 0
P 1391 52.6000 64.0000 0.5000 0 0 0
P 1392 52.0000 64.0000 0.5000 0 0 0
P 1393 68.2000 64.0000 0.5000 0 0 0
P 1394 68.8000 64.0000 0.5000 0 0 0
P 1395 69.4000 64.0000 0.5000 0 0 0
P 1396 70.0000 64.0000 0.5000 0 0 0
P 1397 70.6000 64.0000 0.5000 0 0 0
P 1398 71.2000 64.0000 0.5000 0 0 0
P 1399 71.8000 64.0000 0.5000 0 0 0
P 1400 72.4000 64.0000 0.5000 0 0 0
P 1401 73.0000 64.0000 0.5000 0 0 0
P 1402 73.6000 64.0000 0.5000 0 0 0
P 1403 74.2000 64.0000 0.5000 0 0 0
P 1404 74.8000 64.0000 0.5000 0 0 0
P 1405 75.4000 64.0000 0.5000 0 0 0
P 1406 76.0000 64.0000 0.5000 0 0 0
P 1408 59.5000 63.4804 0.5000 0 0 0
P 1409 59.8000 62.9608 0.5000 0 0 0
P 1410 60.1000 62.4412 0.5000 0 0 0
P 1411 60.4000 61.9215 0.5000 0 0 0
P 1412 67.6000 61.9215 0.5000 0 0 0
P 1413 67.9000 62.4412 0.5000 0 0 0
P 1414 68.2000 62.9608 0.5000 0 0 0
P 1415 68.5000 63.4804 0.5000 0 0 0
P 1430 57.7000 63.4804 0.5000 0 0 0
P 1431 58.3000 63.4804 0.5000 0 0 0
P 1432 58.9000 63.4804 0.5000 0 0 0
P 1433 69.1000 63.4804 0.5000 0 0 0
P 1434 69.7000 63.4804 0.5000 0 0 0
P 1435 70.3000 63.4804 0.5000 0 0 0
P 1436 59.2000 62.9608 0.5000 0 0 0
P 1437 68.8000 62.9608 0.5000 0 0 0
P 1440 68.8000 72.3138 0.5000 0 0 0
P 1441 59.2000 72.3138 0.5000 0 0 0
P 1442 59.8000 77.5100 0.5000 0 0 0
P 1443 68.2000 77.5100 0.5000 0 0 0
P 1444 59.2000 76.4708 0.5000 0 0 0
P 1445 68.8000 76.4708 0.5000 0 0 0
P 1446 58.6000 75.4315 0.5000 0 0 0
P 1447 69.4000 75.4315 0.5000 0 0 0
P 1448 58.0000 74.3923 0.5000 0 0 0
P 1449 70.0000 74.3923 0.5000 0 0 0
P 1450 57.4000 73.3531 0.5000 0 0 0
P 1451 70.6000 73.3531 0.5000 0 0 0
P 1452 57.4000 71.2746 0.5000 0 0 0
P 1453 70.6000 71.2746 0.5000 0 0 0
P 1454 52.3000 63.4804 0.5000 0 0 0
P 1455 75.7000 63.4804 0.5000 0 0 0
P 1456 59.5000 76.9904 0.2000 14 0 0
P 1457 58.9000 75.9511 0.2000 14 0 0
P 1458 58.3000 74.9119 0.2000 14 0 0
P 1459 57.7000 73.8727 0.2000 14 0 0
P 1460 57.1000 72.8335 0.2000 14 0 0
P 1461 70.3000 73.8727 0.2000 14 0 0
P 1462 69.7000 74.9119 0.2000 14 0 0
P 1463 69.1000 75.9511 0.2000 14 0 0
P 1464 68.5000 76.9904 0.2000 14 0 0
P 1465 67.9000 78.0296 0.2000 14 0 0
P 1466 60.1000 78.0296 0.2000 14 0 0
P 1467 61.0000 78.5492 0.2000 14 0 0
P 1468 67.0000 78.5492 0.2000 14 0 0
P 1469 60.4000 78.5492 0.2000 14 0 0
P 1470 59.2000 77.5100 0.2000 14 0 0
P 1471 59.5000 78.0296 0.2000 14 0 0
P 1472 58.6000 76.4708 0.2000 14 0 0
P 1473 58.9000 76.9904 0.2000 14 0 0
P 1474 58.0000 75.4315 0.2000 14 0 0
P 1475 58.3000 75.9511 0.2000 14 0 0
P 1476 57.4000 74.3923 0.2000 14 0 0
P 1477 57.7000 74.9119 0.2000 14 0 0
P 1478 56.8000 73.3531 0.2000 14 0 0
P 1479 57.1000 73.8727 0.2000 14 0 0
P 1480 70.6000 74.3923 0.2000 14 0 0
P 1481 70.3000 74.9119 0.2000 14 0 0
P 1482 70.9000 72.8335 0.2000 14 0 0
P 1483 71.2000 73.3531 0.2000 14 0 0
P 1484 70.9000 73.8727 0.2000 14 0 0
P 1485 70.0000 75.4315 0.2000 14 0 0
P 1486 69.7000 75.9511 0.2000 14 0 0
P 1487 69.4000 76.4708 0.2000 14 0 0
P 1488 69.1000 76.9904 0.2000 14 0 0
P 1489 68.8000 77.5100 0.2000 14 0 0
P 1490 68.5000 78.0296 0.2000 14 0 0
P 1491 67.6000 78.5492 0.2000 14 0 0
P 1492 66.1000 79.0688 0.2000 14 0 0
P 1493 66.7000 79.0688 0.2000 14 0 0
P 1494 61.9000 79.0688 0.2000 14 0 0
P 1495 61.3000 79.0688 0.2000 14 0 0
P 1500 57.9975 75.7618 0.2000 2 1 0
P 1501 57.8949 75.8196 0.2000 2 1 0
P 1502 58.6793 76.7762 0.2000 2 1 0
P 1503 58.5522 76.8396 0.2000 2 1 0
P 1504 59.2709 77.8071 0.2000 2 1 0
P 1505 59.1470 77.8724 0.2000 2 1 0
P 1538 68.7547 77.8442 0.2000 2 1 0
P 1539 69.3398 76.7943 0.2000 2 1 0
P 1540 69.9401 75.7630 0.2000 2 1 0
P 1541 68.8671 77.8988 0.2000 2 1 0
P 1542 69.4501 76.8531 0.2000 2 1 0
P 1543 70.0519 75.8188 0.2000 2 1 0
P 1544 57.4416 74.7309 0.2000 2 1 0
P 1545 56.8424 73.6855 0.2000 2 1 0
P 1546 56.8371 73.0494 0.2000 2 1 0
P 1547 59.7898 78.1163 0.2000 2 1 0
P 1548 60.2013 78.3322 0.2000 2 1 0
P 1549 60.6870 78.6155 0.2000 2 1 0
P 1550 61.1120 78.8685 0.2000 2 1 0
P 1551 61.5944 79.1553 0.2000 2 1 0
P 1552 66.3891 79.1407 0.2000 2 1 0
P 1553 66.9042 78.8643 0.2000 2 1 0
P 1554 67.3272 78.6297 0.2000 2 1 0
P 1555 67.7879 78.3282 0.2000 2 1 0
P 1556 68.2109 78.1062 0.2000 2 1 0
P 1557 70.5276 74.7158 0.2000 2 1 0
P 1558 71.1204 73.6684 0.2000 2 1 0
P 1559 71.1530 73.0336 0.2000 2 1 0
L 1 0
L 497 0
L 498 0
L 498 497
L 499 0
L 499 497
L 500 0
L 500 1
L 500 498
L 501 0
L 501 1
L 501 499
L 502 500
L 502 498
L 503 500
L 503 502
L 504 498
L 504 502
L 505 504
L 505 502
L 506 505
L 506 502
L 506 503
L 507 499
L 507 501
L 508 505
L 508 506
L 509 508
L 509 506
L 510 508
L 510 505
L 511 508
L 511 510
L 512 508
L 512 509
L 512 511
L 513 511
L 513 512
L 514 512
L 514 513
L 515 513
L 515 511
L 516 513
L 516 515
L 517 516
L 517 513
L 517 514
L 518 501
L 518 507
L 519 499
L 519 507
L 520 519
L 520 507
L 521 520
L 521 518
L 521 507
L 522 520
L 522 521
L 523 521
L 523 522
L 524 520
L 524 522
L 525 524
L 525 522
L 526 525
L 526 522
L 526 523
L 527 516
L 527 517
L 528 517
L 528 527
L 529 516
L 529 527
L 530 529
L 530 527
L 531 528
L 531 530
L 531 527
L 532 530
L 532 531
L 533 532
L 533 531
L 534 532
L 534 530
L 535 532
L 535 533
L 536 532
L 536 534
L 536 535
L 537 536
L 537 534
L 538 533
L 538 535
L 539 536
L 539 535
L 540 538
L 540 535
L 540 539
L 541 536
L 541 537
L 541 539
L 542 540
L 542 539
L 543 541
L 543 542
L 543 539
L 544 543
L 544 542
L 545 544
L 545 542
L 546 544
L 546 543
L 547 544
L 547 545
L 548 544
L 548 546
L 548 547
L 549 525
L 549 526
L 550 549
L 550 526
L 551 525
L 551 549
L 552 549
L 552 551
L 553 552
L 553 549
L 553 550
L 554 552
L 554 553
L 555 553
L 555 554
L 556 552
L 556 554
L 557 556
L 557 554
L 558 557
L 558 554
L 558 555
L 559 557
L 559 558
L 560 541
L 560 546
L 560 543
L 561 540
L 561 545
L 561 542
L 562 529
L 562 530
L 562 534
L 563 528
L 563 533
L 563 531
L 564 537
L 564 534
L 565 533
L 565 538
L 566 560
L 566 537
L 566 541
L 567 537
L 568 540
L 568 561
L 568 538
L 569 538
L 564 562
L 565 563
L 567 564
L 567 566
L 569 568
L 569 565
L 570 560
L 570 566
L 571 560
L 571 546
L 572 548
L 572 546
L 573 545
L 573 547
L 574 561
L 574 545
L 575 568
L 575 561
L 571 570
L 572 571
L 574 573
L 575 574
L 576 516
L 576 529
L 576 515
L 577 528
L 577 517
L 577 514
L 578 576
L 578 529
L 578 562
L 579 528
L 579 577
L 579 563
L 580 510
L 580 511
L 580 515
L 581 512
L 581 509
L 581 514
L 582 504
L 582 505
L 582 510
L 583 509
L 583 506
L 583 503
L 584 504
L 584 497
L 584 498
L 585 500
L 585 1
L 585 503
L 586 580
L 586 582
L 586 510
L 587 509
L 587 581
L 587 583
L 588 580
L 588 576
L 588 515
L 589 581
L 589 577
L 589 514
L 590 588
L 590 576
L 590 578
L 591 577
L 591 589
L 591 579
L 592 564
L 592 578
L 592 562
L 593 565
L 593 563
L 593 579
L 594 592
L 594 564
L 594 567
L 595 593
L 595 565
L 595 569
L 596 566
L 596 570
L 596 567
L 597 568
L 597 569
L 597 575
L 598 596
L 598 594
L 598 567
L 599 569
L 599 597
L 599 595
L 600 596
L 600 598
L 601 600
L 601 596
L 601 570
L 602 601
L 602 570
L 602 571
L 603 574
L 603 575
L 604 597
L 604 575
L 604 603
L 605 604
L 605 597
L 605 599
L 606 524
L 606 520
L 606 519
L 607 521
L 607 518
L 607 523
L 608 497
L 608 519
L 608 499
L 609 501
L 609 1
L 609 518
L 610 608
L 610 584
L 610 497
L 611 609
L 611 1
L 611 585
L 612 584
L 612 504
L 612 582
L 613 585
L 613 503
L 613 583
L 614 612
L 614 584
L 614 610
L 615 585
L 615 613
L 615 611
L 616 612
L 616 586
L 616 582
L 617 613
L 617 583
L 617 587
L 618 612
L 618 616
L 618 614
L 619 613
L 619 617
L 619 615
L 620 616
L 620 586
L 621 617
L 621 587
L 622 586
L 622 620
L 622 588
L 622 580
L 623 587
L 623 581
L 623 621
L 623 589
L 624 588
L 624 622
L 624 590
L 625 589
L 625 623
L 625 591
L 626 592
L 626 590
L 626 578
L 627 593
L 627 591
L 627 579
L 628 624
L 628 590
L 628 626
L 629 625
L 629 591
L 629 627
L 630 592
L 630 626
L 630 594
L 631 593
L 631 627
L 631 595
L 632 628
L 632 630
L 632 626
L 633 629
L 633 627
L 633 631
L 634 621
L 634 625
L 634 623
L 635 620
L 635 624
L 635 622
L 636 616
L 636 620
L 636 618
L 637 617
L 637 621
L 637 619
L 638 608
L 638 610
L 639 609
L 639 611
L 640 608
L 640 638
L 640 606
L 640 519
L 641 609
L 641 518
L 641 607
L 641 639
L 642 640
L 642 606
L 643 641
L 643 607
L 644 524
L 644 642
L 644 606
L 645 523
L 645 607
L 645 643
L 646 644
L 646 524
L 646 525
L 646 551
L 647 523
L 647 645
L 647 550
L 647 526
L 648 646
L 648 551
L 649 550
L 649 647
L 650 648
L 650 552
L 650 556
L 650 551
L 651 553
L 651 649
L 651 555
L 651 550
L 652 648
L 652 644
L 652 646
L 653 649
L 653 645
L 653 647
L 654 644
L 654 652
L 654 642
L 655 645
L 655 653
L 655 643
L 656 640
L 656 642
L 656 638
L 657 641
L 657 643
L 657 639
L 658 656
L 658 654
L 658 642
L 659 657
L 659 655
L 659 643
L 660 638
L 660 610
L 660 614
L 661 639
L 661 611
L 661 615
L 662 656
L 662 660
L 662 638
L 663 657
L 663 661
L 663 639
L 664 661
L 664 615
L 664 619
L 665 664
L 665 661
L 665 663
L 666 660
L 666 614
L 666 618
L 667 660
L 667 662
L 667 666
L 668 664
L 668 637
L 668 619
L 669 668
L 669 637
L 670 634
L 670 621
L 670 637
L 670 669
L 671 634
L 672 625
L 672 634
L 672 629
L 673 636
L 673 620
L 673 635
L 674 636
L 674 666
L 674 618
L 675 666
L 675 667
L 671 670
L 672 671
L 675 674
L 676 636
L 676 673
L 676 674
L 677 673
L 677 635
L 678 624
L 678 635
L 678 628
L 678 677
L 679 628
L 679 632
L 679 678
L 680 672
L 680 629
L 680 633
L 681 630
L 681 598
L 681 594
L 682 595
L 682 631
L 682 599
L 683 600
L 683 681
L 683 598
L 684 632
L 684 681
L 684 630
L 685 633
L 685 682
L 685 631
L 686 605
L 686 682
L 686 599
L 687 656
L 687 658
L 687 662
L 688 657
L 688 659
L 688 663
L 689 572
L 689 602
L 689 571
L 690 573
L 690 574
L 690 603
L 691 548
L 691 572
L 692 572
L 692 689
L 692 691
L 693 548
L 693 691
L 693 547
L 694 573
L 694 693
L 694 547
L 695 573
L 695 694
L 695 690
L 696 693
L 696 691
L 697 692
L 697 696
L 697 691
L 698 696
L 698 693
L 698 694
L 699 694
L 699 698
L 699 695
L 700 556
L 700 650
L 701 555
L 701 651
L 702 556
L 702 557
L 703 558
L 703 555
L 704 558
L 704 559
L 702 700
L 703 701
L 704 703
L 705 557
L 705 702
L 705 559
L 706 704
L 706 559
L 707 705
L 707 706
L 707 559
L 708 696
L 708 698
L 709 708
L 709 698
L 709 699
L 710 696
L 710 708
L 710 697
L 711 708
L 711 710
L 712 708
L 712 709
L 712 711
L 713 707
L 713 706
L 714 713
L 714 706
L 715 713
L 715 707
L 716 713
L 716 714
L 717 716
L 717 713
L 717 715
L 718 700
L 718 648
L 718 650
L 719 701
L 719 649
L 719 651
L 720 717
L 720 716
L 721 720
L 721 716
L 722 720
L 722 717
L 723 720
L 723 721
L 724 720
L 724 722
L 724 723
L 725 658
L 725 654
L 726 655
L 726 659
L 727 652
L 727 725
L 727 654
L 728 653
L 728 726
L 728 655
L 729 648
L 729 652
L 729 718
L 729 727
L 730 728
L 730 649
L 730 653
L 730 719
L 731 729
L 731 718
L 732 730
L 732 719
L 733 700
L 733 718
L 733 731
L 734 732
L 734 701
L 734 719
L 735 700
L 735 733
L 735 702
L 736 701
L 736 734
L 736 703
L 737 705
L 737 702
L 737 735
L 738 704
L 738 736
L 738 703
L 739 737
L 739 705
L 739 715
L 739 707
L 740 704
L 740 714
L 740 706
L 740 738
L 741 717
L 741 722
L 741 715
L 742 716
L 742 721
L 742 714
L 743 741
L 743 715
L 743 739
L 744 740
L 744 714
L 744 742
L 745 724
L 745 723
L 746 745
L 746 723
L 747 724
L 747 745
L 748 745
L 748 747
L 749 748
L 749 745
L 749 746
L 750 748
L 750 749
L 751 749
L 751 750
L 752 748
L 752 750
L 753 752
L 753 750
L 754 753
L 754 750
L 754 751
L 755 753
L 755 754
L 756 754
L 756 755
L 757 753
L 757 755
L 758 757
L 758 755
L 759 756
L 759 758
L 759 755
L 760 737
L 760 743
L 760 739
L 761 740
L 761 744
L 761 738
L 762 724
L 762 722
L 762 747
L 763 721
L 763 746
L 763 723
L 764 741
L 764 722
L 764 762
L 765 721
L 765 742
L 765 763
L 766 752
L 766 748
L 766 747
L 767 749
L 767 746
L 767 751
L 768 752
L 768 757
L 768 753
L 769 756
L 769 754
L 769 751
L 770 758
L 770 759
L 771 766
L 771 762
L 771 747
L 772 746
L 772 767
L 772 763
L 773 764
L 773 741
L 773 743
L 774 744
L 774 765
L 774 742
L 775 760
L 775 737
L 775 735
L 776 736
L 776 761
L 776 738
L 777 770
L 777 759
L 778 758
L 778 770
L 779 777
L 779 770
L 780 778
L 780 770
L 780 779
L 781 780
L 781 779
L 782 781
L 782 779
L 783 780
L 783 781
L 784 781
L 784 782
L 785 784
L 785 781
L 785 783
L 786 785
L 786 784
L 787 784
L 787 786
L 788 785
L 788 786
L 789 786
L 789 787
L 790 788
L 790 789
L 790 786
L 791 790
L 791 789
L 792 789
L 792 791
L 793 790
L 793 791
L 794 792
L 794 791
L 795 793
L 795 794
L 795 791
L 796 795
L 796 794
L 797 796
L 797 794
L 798 796
L 798 795
L 799 796
L 799 797
L 800 796
L 800 798
L 800 799
L 801 800
L 801 799
L 802 801
L 802 799
L 803 800
L 803 801
L 804 801
L 804 802
L 805 804
L 805 801
L 805 803
L 806 757
L 806 778
L 806 758
L 807 756
L 807 777
L 807 759
L 808 780
L 808 778
L 808 783
L 810 777
L 810 782
L 810 779
L 811 805
L 811 804
L 812 752
L 812 768
L 812 766
L 813 769
L 813 751
L 813 767
L 814 764
L 814 762
L 814 771
L 815 772
L 815 765
L 815 763
L 816 760
L 816 773
L 816 743
L 817 744
L 817 761
L 817 774
L 818 733
L 818 775
L 818 735
L 819 776
L 819 736
L 819 734
L 820 729
L 820 731
L 820 727
L 821 732
L 821 728
L 821 730
L 822 725
L 822 658
L 822 687
L 823 688
L 823 726
L 823 659
L 824 662
L 824 687
L 824 667
L 825 688
L 825 665
L 825 663
L 826 676
L 826 674
L 826 675
L 827 664
L 827 668
L 827 665
L 828 668
L 828 669
L 829 676
L 829 673
L 829 677
L 830 669
L 830 670
L 830 671
L 828 827
L 831 677
L 831 678
L 831 679
L 832 672
L 832 680
L 832 671
L 833 632
L 833 684
L 833 679
L 834 680
L 834 633
L 834 685
L 856 689
L 856 602
L 857 692
L 857 689
L 858 690
L 858 603
L 859 690
L 859 695
L 860 692
L 860 697
L 861 699
L 861 695
L 862 697
L 862 710
L 863 709
L 863 699
L 857 856
L 859 858
L 860 857
L 861 859
L 862 860
L 863 861
L 864 862
L 864 710
L 864 711
L 865 712
L 865 709
L 865 863
L 866 862
L 866 864
L 867 865
L 867 863
L 868 866
L 868 864
L 869 865
L 869 867
L 870 866
L 870 868
L 871 867
L 871 869
L 872 860
L 872 862
L 872 866
L 873 861
L 873 863
L 873 867
L 874 868
L 874 870
L 875 869
L 875 871
L 876 871
L 876 875
L 877 870
L 877 874
L 878 872
L 878 866
L 878 870
L 879 873
L 879 867
L 879 871
L 880 860
L 880 872
L 880 857
L 881 861
L 881 873
L 881 859
L 882 856
L 882 880
L 882 857
L 883 881
L 883 858
L 883 859
L 884 856
L 884 601
L 884 602
L 885 604
L 885 858
L 885 603
L 886 877
L 886 874
L 887 875
L 887 876
L 888 887
L 888 876
L 889 877
L 889 886
L 890 877
L 890 878
L 890 870
L 891 876
L 891 871
L 891 879
L 892 880
L 892 872
L 892 878
L 893 873
L 893 881
L 893 879
L 894 880
L 894 892
L 894 882
L 895 856
L 895 884
L 895 882
L 896 881
L 896 893
L 896 883
L 897 885
L 897 858
L 897 883
L 898 604
L 898 605
L 898 885
L 899 600
L 899 884
L 899 601
L 900 684
L 900 681
L 900 683
L 901 685
L 901 682
L 901 686
L 902 684
L 902 833
L 903 833
L 903 679
L 903 831
L 904 677
L 904 829
L 904 831
L 905 676
L 905 829
L 905 826
L 906 824
L 906 667
L 906 675
L 907 824
L 907 822
L 907 687
L 908 820
L 908 725
L 908 727
L 909 733
L 909 818
L 909 731
L 910 816
L 910 760
L 910 775
L 911 764
L 911 773
L 911 814
L 912 812
L 912 766
L 912 771
L 913 768
L 913 757
L 913 806
L 914 808
L 914 778
L 914 806
L 915 788
L 915 785
L 915 783
L 916 788
L 916 793
L 916 790
L 917 793
L 917 798
L 917 795
L 918 792
L 918 797
L 918 794
L 919 792
L 919 789
L 919 787
L 920 784
L 920 782
L 920 787
L 921 777
L 921 810
L 921 807
L 922 756
L 922 769
L 922 807
L 923 772
L 923 813
L 923 767
L 924 765
L 924 774
L 924 815
L 925 776
L 925 817
L 925 761
L 926 732
L 926 734
L 926 819
L 927 728
L 927 821
L 927 726
L 928 688
L 928 825
L 928 823
L 929 825
L 929 665
L 929 827
L 930 828
L 930 669
L 930 830
L 931 832
L 931 830
L 931 671
L 932 680
L 932 832
L 932 834
L 933 685
L 933 834
L 902 900
L 933 901
L 934 600
L 934 683
L 934 899
L 935 605
L 935 686
L 935 898
L 936 889
L 936 886
L 937 887
L 937 888
L 938 889
L 938 936
L 939 888
L 939 937
L 940 936
L 940 938
L 941 937
L 941 939
L 942 936
L 942 940
L 943 937
L 943 941
L 944 940
L 944 942
L 945 943
L 945 941
L 946 944
L 946 942
L 947 945
L 947 943
L 948 944
L 948 946
L 949 947
L 949 945
L 950 948
L 950 946
L 951 949
L 951 947
L 952 948
L 952 950
L 953 949
L 953 951
L 954 952
L 954 950
L 955 953
L 955 951
L 956 952
L 956 954
L 957 955
L 957 953
L 958 956
L 958 954
L 959 957
L 959 955
L 960 877
L 960 889
L 960 890
L 961 876
L 961 888
L 961 891
L 962 893
L 962 879
L 962 891
L 963 892
L 963 878
L 963 890
L 964 892
L 964 894
L 965 890
L 966 891
L 967 896
L 967 893
L 968 889
L 968 938
L 969 888
L 969 939
L 964 963
L 965 960
L 965 963
L 966 961
L 966 962
L 967 962
L 968 960
L 969 961
L 970 960
L 970 968
L 970 965
L 971 961
L 971 969
L 971 966
L 972 962
L 972 966
L 972 967
L 973 964
L 973 965
L 973 963
L 974 882
L 974 894
L 974 895
L 975 896
L 975 897
L 975 883
L 976 884
L 976 899
L 976 895
L 977 885
L 977 897
L 977 898
L 978 964
L 978 894
L 978 974
L 979 896
L 979 967
L 979 975
L 980 897
L 980 977
L 980 975
L 981 976
L 981 974
L 981 895
L 982 976
L 982 934
L 982 899
L 983 977
L 983 898
L 983 935
L 984 901
L 984 686
L 984 935
L 985 900
L 985 934
L 985 683
L 986 948
L 986 952
L 987 949
L 987 953
L 988 949
L 988 945
L 988 987
L 989 988
L 989 941
L 989 945
L 990 941
L 990 989
L 990 939
L 991 969
L 991 990
L 991 939
L 992 944
L 992 948
L 992 986
L 993 940
L 993 944
L 993 992
L 994 940
L 994 993
L 994 938
L 995 968
L 995 938
L 995 994
L 996 969
L 996 971
L 996 991
L 997 968
L 997 970
L 997 995
L 998 997
L 998 995
L 999 998
L 999 994
L 999 995
L 1000 993
L 1000 994
L 1000 999
L 1001 1000
L 1001 992
L 1001 993
L 1002 1000
L 1002 1001
L 1003 992
L 1003 1001
L 1003 986
L 1004 952
L 1004 956
L 1004 986
L 1005 953
L 1005 957
L 1005 987
L 1006 988
L 1006 987
L 1007 988
L 1007 989
L 1007 1006
L 1008 989
L 1008 990
L 1008 1007
L 1009 1008
L 1009 990
L 1009 991
L 1010 996
L 1010 1009
L 1010 991
L 1011 1008
L 1011 1007
L 1012 1000
L 1012 1002
L 1012 999
L 1013 998
L 1013 999
L 1014 1008
L 1014 1009
L 1014 1011
L 1015 1009
L 1015 1010
L 1013 1012
L 1015 1014
L 1016 997
L 1016 970
L 1017 970
L 1017 973
L 1017 965
L 1018 996
L 1018 971
L 1019 971
L 1019 972
L 1019 966
L 1017 1016
L 1019 1018
L 1020 996
L 1020 1018
L 1020 1010
L 1021 1016
L 1021 997
L 1021 998
L 1022 973
L 1022 1017
L 1023 978
L 1023 964
L 1023 973
L 1023 1022
L 1024 978
L 1024 1023
L 1025 1024
L 1025 978
L 1025 981
L 1025 974
L 1026 980
L 1026 975
L 1026 979
L 1027 979
L 1028 979
L 1028 972
L 1028 967
L 1027 1026
L 1028 1027
L 1029 972
L 1029 1028
L 1029 1019
L 1030 1016
L 1030 1017
L 1030 1022
L 1031 1024
L 1031 1022
L 1031 1023
L 1032 1028
L 1032 1029
L 1032 1027
L 1033 1029
L 1033 1018
L 1033 1019
L 1034 976
L 1034 981
L 1034 982
L 1035 980
L 1035 977
L 1035 983
L 1036 983
L 1036 1035
L 1037 980
L 1037 1026
L 1037 1035
L 1038 981
L 1038 1025
L 1038 1034
L 1039 985
L 1039 982
L 1039 934
L 1040 982
L 1040 1034
L 1040 1039
L 1041 984
L 1041 1036
L 1041 935
L 1041 983
L 1042 1040
L 1042 1034
L 1042 1038
L 1043 1036
L 1043 1037
L 1043 1035
L 1044 1024
L 1044 1025
L 1044 1038
L 1045 1037
L 1045 1026
L 1045 1027
L 1046 900
L 1046 985
L 1046 902
L 1047 984
L 1047 901
L 1047 933
L 1048 833
L 1048 902
L 1048 903
L 1049 904
L 1049 903
L 1049 831
L 1050 904
L 1050 905
L 1050 829
L 1051 906
L 1051 826
L 1051 675
L 1052 824
L 1052 906
L 1052 907
L 1053 822
L 1053 907
L 1054 908
L 1054 725
L 1054 822
L 1055 726
L 1055 927
L 1055 823
L 1056 928
L 1056 823
L 1057 928
L 1057 825
L 1057 929
L 1058 828
L 1058 929
L 1058 827
L 1059 830
L 1059 930
L 1059 931
L 1060 832
L 1060 932
L 1060 931
L 1061 932
L 1061 933
L 1061 834
L 1062 984
L 1062 1041
L 1062 1047
L 1063 985
L 1063 1046
L 1063 1039
L 1054 1053
L 1056 1055
L 1064 1048
L 1064 902
L 1064 1046
L 1065 1048
L 1065 1049
L 1065 903
L 1066 904
L 1066 1049
L 1066 1050
L 1067 1060
L 1067 931
L 1067 1059
L 1068 932
L 1068 1060
L 1068 1061
L 1069 933
L 1069 1061
L 1069 1047
L 1070 1064
L 1070 1046
L 1070 1063
L 1071 1048
L 1071 1064
L 1071 1065
L 1072 1049
L 1072 1065
L 1072 1066
L 1073 1060
L 1073 1068
L 1073 1067
L 1074 1068
L 1074 1061
L 1074 1069
L 1075 1069
L 1075 1062
L 1075 1047
L 1076 1040
L 1076 1063
L 1076 1039
L 1077 1036
L 1077 1041
L 1077 1062
L 1078 956
L 1078 958
L 1079 957
L 1079 959
L 1080 956
L 1080 1004
L 1080 1078
L 1081 957
L 1081 1005
L 1081 1079
L 1082 1004
L 1082 986
L 1082 1003
L 1083 1005
L 1083 1006
L 1083 987
L 1084 1001
L 1084 1002
L 1084 1003
L 1085 1006
L 1085 1007
L 1085 1011
L 1086 905
L 1086 826
L 1086 1051
L 1087 905
L 1087 1050
L 1088 828
L 1088 1058
L 1088 930
L 1089 930
L 1089 1059
L 1087 1086
L 1089 1088
L 1090 1050
L 1090 1066
L 1090 1087
L 1091 1089
L 1091 1059
L 1091 1067
L 1092 1076
L 1092 1040
L 1092 1042
L 1093 1036
L 1093 1077
L 1093 1043
L 1094 1076
L 1094 1070
L 1094 1063
L 1095 1064
L 1095 1070
L 1095 1071
L 1096 1070
L 1096 1094
L 1096 1095
L 1097 1072
L 1097 1065
L 1097 1071
L 1098 1097
L 1098 1071
L 1098 1095
L 1099 1077
L 1099 1062
L 1099 1075
L 1100 1069
L 1100 1074
L 1100 1075
L 1101 1068
L 1101 1073
L 1101 1074
L 1102 1100
L 1102 1101
L 1102 1074
L 1103 1100
L 1103 1075
L 1103 1099
L 1104 1077
L 1104 1093
L 1104 1099
L 1105 1076
L 1105 1092
L 1105 1094
L 1106 1072
L 1106 1090
L 1106 1066
L 1107 1073
L 1107 1067
L 1107 1091
L 1108 1086
L 1108 1051
L 1109 1108
L 1109 1086
L 1109 1087
L 1110 1088
L 1110 1058
L 1111 1088
L 1111 1089
L 1111 1110
L 1112 929
L 1112 1057
L 1112 1058
L 1112 1110
L 1113 906
L 1113 1051
L 1113 1052
L 1113 1108
L 1114 1052
L 1114 1053
L 1114 907
L 1115 928
L 1115 1056
L 1115 1057
L 1116 1052
L 1116 1113
L 1116 1114
L 1117 1112
L 1117 1057
L 1117 1115
L 1118 1044
L 1118 1042
L 1118 1038
L 1119 1037
L 1119 1045
L 1119 1043
L 1120 820
L 1120 908
L 1121 821
L 1121 927
L 1122 732
L 1122 821
L 1122 926
L 1123 731
L 1123 820
L 1123 909
L 1122 1121
L 1123 1120
L 1124 910
L 1124 818
L 1124 775
L 1125 776
L 1125 925
L 1125 819
L 1126 1124
L 1126 909
L 1126 818
L 1127 1125
L 1127 926
L 1127 819
L 1128 816
L 1128 773
L 1128 911
L 1129 924
L 1129 817
L 1129 774
L 1130 1128
L 1130 816
L 1130 910
L 1131 817
L 1131 1129
L 1131 925
L 1132 909
L 1132 1126
L 1132 1123
L 1133 926
L 1133 1122
L 1133 1127
L 1134 1120
L 1134 908
L 1134 1054
L 1135 1121
L 1135 927
L 1135 1055
L 1136 912
L 1136 814
L 1136 771
L 1137 772
L 1137 923
L 1137 815
L 1138 812
L 1138 768
L 1138 913
L 1139 769
L 1139 813
L 1139 922
L 1140 808
L 1140 783
L 1140 915
L 1141 920
L 1141 782
L 1141 810
L 1142 804
L 1142 811
L 1143 805
L 1143 811
L 1144 1142
L 1144 811
L 1145 1144
L 1145 1143
L 1145 811
L 1146 1145
L 1146 1144
L 1147 1144
L 1147 1146
L 1148 1145
L 1148 1146
L 1149 1146
L 1149 1147
L 1150 1148
L 1150 1149
L 1150 1146
L 1151 1150
L 1151 1149
L 1152 1149
L 1152 1151
L 1153 1150
L 1153 1151
L 1154 1152
L 1154 1151
L 1155 1153
L 1155 1154
L 1155 1151
L 1164 916
L 1164 788
L 1164 915
L 1165 920
L 1165 919
L 1165 787
L 1166 1140
L 1166 808
L 1166 914
L 1167 1141
L 1167 921
L 1167 810
L 1168 913
L 1168 914
L 1168 806
L 1169 921
L 1169 922
L 1169 807
L 1170 813
L 1170 1139
L 1170 923
L 1171 812
L 1171 912
L 1171 1138
L 1172 1021
L 1172 1013
L 1172 998
L 1173 1020
L 1173 1010
L 1173 1015
L 1174 1016
L 1174 1021
L 1174 1030
L 1175 1020
L 1175 1033
L 1175 1018
L 1176 1172
L 1176 1021
L 1176 1174
L 1177 1020
L 1177 1173
L 1177 1175
L 1178 1030
L 1178 1174
L 1179 1033
L 1179 1175
L 1180 1176
L 1180 1174
L 1180 1178
L 1181 1177
L 1181 1175
L 1181 1179
L 1182 1178
L 1182 1030
L 1182 1022
L 1182 1031
L 1183 1032
L 1183 1033
L 1183 1179
L 1183 1029
L 1184 1182
L 1184 1178
L 1185 1032
L 1185 1183
L 1186 1184
L 1186 1180
L 1186 1178
L 1187 1185
L 1187 1183
L 1187 1179
L 1188 1181
L 1188 1179
L 1188 1187
L 1189 1184
L 1189 1182
L 1189 1031
L 1190 1184
L 1190 1189
L 1191 1185
L 1191 1187
L 1192 1184
L 1192 1190
L 1192 1186
L 1193 1188
L 1193 1187
L 1193 1191
L 1194 1189
L 1194 1190
L 1195 1185
L 1195 1191
L 1196 1194
L 1196 1190
L 1197 1195
L 1197 1191
L 1198 1196
L 1198 1192
L 1198 1190
L 1199 1197
L 1199 1193
L 1199 1191
L 1200 1196
L 1200 1198
L 1201 1197
L 1201 1199
L 1202 1024
L 1202 1194
L 1202 1044
L 1202 1189
L 1202 1031
L 1203 1032
L 1203 1185
L 1203 1027
L 1203 1195
L 1203 1045
L 1204 1200
L 1204 1196
L 1205 1200
L 1205 1204
L 1206 1197
L 1206 1201
L 1207 1201
L 1207 1206
L 1208 1204
L 1208 1205
L 1209 1208
L 1209 1205
L 1210 1206
L 1210 1207
L 1211 1210
L 1211 1207
L 1212 1196
L 1212 1204
L 1212 1194
L 1213 1197
L 1213 1206
L 1213 1195
L 1214 1096
L 1214 1098
L 1214 1095
L 1215 1100
L 1215 1102
L 1215 1103
L 1216 1214
L 1216 1098
L 1217 1102
L 1217 1215
L 1218 1216
L 1218 1097
L 1218 1098
L 1219 1101
L 1219 1217
L 1219 1102
L 1220 1072
L 1220 1097
L 1220 1218
L 1220 1106
L 1221 1073
L 1221 1107
L 1221 1219
L 1221 1101
L 1222 1218
L 1222 1220
L 1223 1221
L 1223 1219
L 1224 1216
L 1224 1218
L 1224 1222
L 1225 1217
L 1225 1219
L 1225 1223
L 1226 1220
L 1226 1222
L 1226 1106
L 1227 1221
L 1227 1107
L 1227 1223
L 1228 1226
L 1228 1222
L 1229 1227
L 1229 1223
L 1230 1228
L 1230 1224
L 1230 1222
L 1231 1229
L 1231 1225
L 1231 1223
L 1232 1228
L 1232 1230
L 1233 1229
L 1233 1231
L 1234 1226
L 1234 1090
L 1234 1106
L 1235 1228
L 1235 1226
L 1236 1232
L 1236 1228
L 1237 1091
L 1237 1107
L 1237 1227
L 1238 1229
L 1238 1227
L 1239 1229
L 1239 1233
L 1235 1234
L 1236 1235
L 1238 1237
L 1239 1238
L 1240 1233
L 1240 1239
L 1241 1232
L 1241 1236
L 1242 1090
L 1242 1234
L 1242 1109
L 1242 1087
L 1243 1089
L 1243 1091
L 1243 1237
L 1243 1111
L 1244 1242
L 1244 1234
L 1244 1235
L 1245 1244
L 1245 1236
L 1245 1235
L 1246 1236
L 1246 1241
L 1246 1245
L 1247 1241
L 1247 1246
L 1248 1237
L 1248 1238
L 1248 1243
L 1249 1248
L 1249 1238
L 1249 1239
L 1250 1240
L 1250 1249
L 1250 1239
L 1251 1240
L 1251 1250
L 1252 1232
L 1252 1241
L 1253 1252
L 1253 1241
L 1253 1247
L 1254 1232
L 1254 1252
L 1254 1230
L 1255 1224
L 1255 1254
L 1255 1230
L 1256 1253
L 1256 1247
L 1257 1224
L 1257 1216
L 1257 1255
L 1258 1256
L 1258 1247
L 1286 1258
L 1286 1246
L 1286 1247
L 1287 1245
L 1287 1246
L 1288 1244
L 1288 1245
L 1289 1242
L 1289 1244
L 1289 1109
L 1287 1286
L 1288 1287
L 1289 1288
L 1290 1254
L 1290 1255
L 1291 1252
L 1291 1254
L 1291 1290
L 1292 1252
L 1292 1253
L 1292 1291
L 1293 1256
L 1293 1292
L 1293 1253
L 1294 1256
L 1294 1258
L 1295 1256
L 1295 1293
L 1295 1294
L 1296 1292
L 1296 1291
L 1297 1292
L 1297 1296
L 1297 1293
L 1298 1297
L 1298 1293
L 1298 1295
L 1299 1294
L 1299 1295
L 1300 1298
L 1300 1295
L 1300 1299
L 1301 1297
L 1301 1298
L 1302 1300
L 1302 1301
L 1302 1298
L 1303 1300
L 1303 1299
L 1304 1300
L 1304 1302
L 1304 1303
L 1305 1304
L 1305 1303
L 1307 1304
L 1307 1302
L 1308 1304
L 1308 1305
L 1308 1307
L 1309 1308
L 1309 1305
L 1310 1108
L 1310 1109
L 1310 1289
L 1311 1288
L 1311 1289
L 1311 1310
L 1312 1288
L 1312 1311
L 1312 1287
L 1313 1312
L 1313 1286
L 1313 1287
L 1314 1313
L 1314 1258
L 1314 1286
L 1315 1258
L 1315 1294
L 1315 1314
L 1316 1294
L 1316 1299
L 1316 1315
L 1317 1316
L 1317 1299
L 1317 1303
L 1318 1305
L 1318 1317
L 1318 1303
L 1319 1309
L 1319 1305
L 1319 1318
L 1320 1309
L 1320 1319
L 1321 1308
L 1321 1309
L 1322 1320
L 1322 1309
L 1322 1321
L 1323 1320
L 1323 1322
L 1324 1248
L 1324 1111
L 1324 1243
L 1325 1248
L 1325 1249
L 1326 1249
L 1326 1250
L 1327 1250
L 1327 1251
L 1325 1324
L 1326 1325
L 1327 1326
L 1328 1324
L 1328 1110
L 1328 1111
L 1329 1324
L 1329 1325
L 1330 1325
L 1330 1326
L 1331 1326
L 1331 1327
L 1329 1328
L 1330 1329
L 1331 1330
L 1332 1331
L 1332 1327
L 1333 1332
L 1333 1251
L 1333 1327
L 1334 1332
L 1334 1333
L 1335 1225
L 1335 1217
L 1336 1225
L 1336 1231
L 1336 1335
L 1337 1336
L 1337 1233
L 1337 1231
L 1338 1240
L 1338 1233
L 1338 1337
L 1339 1240
L 1339 1338
L 1339 1251
L 1340 1333
L 1340 1251
L 1340 1339
L 1341 1340
L 1341 1333
L 1341 1334
L 1342 1341
L 1342 1334
L 1343 1336
L 1343 1337
L 1344 1337
L 1344 1338
L 1344 1343
L 1345 1344
L 1345 1338
L 1345 1339
L 1346 1340
L 1346 1345
L 1346 1339
L 1347 1340
L 1347 1341
L 1347 1346
L 1348 1341
L 1348 1342
L 1348 1347
L 1349 1348
L 1349 1342
L 1350 1345
L 1350 1344
L 1351 1345
L 1351 1346
L 1351 1350
L 1352 1346
L 1352 1347
L 1352 1351
L 1353 1348
L 1353 1352
L 1353 1347
L 1354 1348
L 1354 1349
L 1354 1353
L 1355 1351
L 1355 1352
L 1356 1352
L 1356 1353
L 1356 1355
L 1357 1356
L 1357 1353
L 1357 1354
L 1358 1349
L 1358 1354
L 1359 1357
L 1359 1358
L 1359 1354
L 1360 1357
L 1360 1356
L 1361 1360
L 1361 1357
L 1361 1359
L 1362 1358
L 1362 1359
L 1363 1361
L 1363 1362
L 1363 1359
L 1364 1361
L 1364 1363
L 1365 1362
L 1365 1363
L 1366 1364
L 1366 1365
L 1366 1363
L 1367 1365
L 1367 1366
L 1369 1323
L 1369 1322
L 1375 1323
L 1375 1369
L 1377 1367
L 1378 1366
L 1378 1367
L 1378 1377
L 1379 1113
L 1379 1116
L 1379 1108
L 1379 1310
L 1380 1310
L 1380 1311
L 1380 1379
L 1381 1312
L 1381 1380
L 1381 1311
L 1382 1312
L 1382 1313
L 1382 1381
L 1383 1313
L 1383 1314
L 1383 1382
L 1384 1314
L 1384 1315
L 1384 1383
L 1385 1316
L 1385 1384
L 1385 1315
L 1386 1316
L 1386 1317
L 1386 1385
L 1387 1317
L 1387 1318
L 1387 1386
L 1388 1318
L 1388 1319
L 1388 1387
L 1389 1320
L 1389 1388
L 1389 1319
L 1390 1320
L 1390 1389
L 1390 1323
L 1391 1390
L 1391 1323
L 1391 1375
L 1392 1375
L 1392 1391
L 1393 1112
L 1393 1328
L 1393 1117
L 1393 1110
L 1394 1328
L 1394 1393
L 1394 1329
L 1395 1329
L 1395 1394
L 1395 1330
L 1396 1330
L 1396 1395
L 1396 1331
L 1397 1332
L 1397 1396
L 1397 1331
L 1398 1332
L 1398 1397
L 1398 1334
L 1399 1334
L 1399 1398
L 1399 1342
L 1400 1349
L 1400 1342
L 1400 1399
L 1401 1400
L 1401 1349
L 1401 1358
L 1402 1401
L 1402 1358
L 1402 1362
L 1403 1365
L 1403 1362
L 1403 1402
L 1404 1365
L 1404 1403
L 1404 1367
L 1405 1404
L 1405 1377
L 1405 1367
L 1406 1377
L 1406 1405
L 1408 1380
L 1408 1116
L 1408 1379
L 1409 1116
L 1409 1114
L 1410 1053
L 1410 1114
L 1411 1053
L 1411 1134
L 1411 1054
L 1412 1056
L 1412 1055
L 1412 1135
L 1413 1056
L 1413 1115
L 1414 1117
L 1414 1115
L 1415 1393
L 1415 1394
L 1415 1117
L 1409 1408
L 1410 1409
L 1411 1410
L 1413 1412
L 1414 1413
L 1415 1414
L 1430 1382
L 1430 1383
L 1431 1381
L 1431 1382
L 1432 1408
L 1432 1380
L 1432 1381
L 1433 1394
L 1433 1415
L 1433 1395
L 1434 1396
L 1434 1395
L 1435 1396
L 1435 1397
L 1431 1430
L 1432 1431
L 1434 1433
L 1435 1434
L 1436 1432
L 1436 1408
L 1436 1409
L 1437 1433
L 1437 1414
L 1437 1415
L 1440 1203
L 1440 1195
L 1440 1045
L 1440 1213
L 1440 1119
L 1441 1194
L 1441 1202
L 1441 1212
L 1441 1044
L 1441 1118
L 1442 1012
L 1442 1002
L 1443 1014
L 1443 1011
L 1444 1172
L 1444 1013
L 1445 1173
L 1445 1015
L 1446 1180
L 1446 1176
L 1447 1177
L 1447 1181
L 1448 1192
L 1448 1186
L 1449 1193
L 1449 1188
L 1450 1200
L 1450 1198
L 1451 1201
L 1451 1199
L 1452 1208
L 1452 1209
L 1453 1210
L 1453 1211
L 1454 1391
L 1454 1392
L 1455 1405
L 1455 1406
L 1456 1442
L 1456 1444
L 1456 1012
L 1456 1013
L 1457 1176
L 1457 1172
L 1457 1444
L 1457 1446
L 1458 1448
L 1458 1186
L 1458 1180
L 1458 1446
L 1459 1192
L 1459 1448
L 1459 1450
L 1459 1198
L 1460 1200
L 1460 1205
L 1460 1450
L 1461 1193
L 1461 1449
L 1461 1451
L 1461 1199
L 1462 1449
L 1462 1188
L 1462 1181
L 1462 1447
L 1463 1177
L 1463 1173
L 1463 1445
L 1463 1447
L 1464 1443
L 1464 1445
L 1464 1014
L 1464 1015
L 1465 1085
L 1465 1011
L 1465 1443
L 1466 1084
L 1466 1442
L 1466 1002
L 1467 1084
L 1467 1082
L 1467 1003
L 1468 1085
L 1468 1006
L 1468 1083
L 1469 1084
L 1469 1466
L 1469 1467
L 1470 1456
L 1470 1442
L 1471 1442
L 1471 1470
L 1471 1466
L 1472 1444
L 1472 1457
L 1473 1472
L 1473 1456
L 1473 1444
L 1473 1470
L 1474 1458
L 1474 1446
L 1475 1472
L 1475 1457
L 1475 1474
L 1475 1446
L 1476 1448
L 1476 1459
L 1477 1448
L 1477 1458
L 1477 1474
L 1477 1476
L 1478 1460
L 1478 1450
L 1479 1450
L 1479 1459
L 1479 1476
L 1479 1478
L 1480 1461
L 1480 1449
L 1481 1480
L 1481 1449
L 1481 1462
L 1482 1201
L 1482 1207
L 1482 1451
L 1483 1482
L 1483 1451
L 1484 1480
L 1484 1451
L 1484 1483
L 1484 1461
L 1485 1481
L 1485 1462
L 1485 1447
L 1486 1485
L 1486 1447
L 1486 1463
L 1487 1445
L 1487 1486
L 1487 1463
L 1488 1464
L 1488 1445
L 1488 1487
L 1489 1464
L 1489 1488
L 1489 1443
L 1490 1465
L 1490 1489
L 1490 1443
L 1491 1468
L 1491 1085
L 1491 1465
L 1492 1005
L 1492 1081
L 1492 1083
L 1493 1492
L 1493 1468
L 1493 1083
L 1494 1004
L 1494 1080
L 1494 1082
L 1495 1082
L 1495 1494
L 1495 1467
L 1500 1446
L 1500 1474
L 1500 1475
L 1501 1500
L 1501 1446
L 1501 1474
L 1501 1475
L 1502 1472
L 1502 1473
L 1502 1444
L 1503 1472
L 1503 1473
L 1503 1502
L 1504 1442
L 1504 1470
L 1504 1471
L 1505 1470
L 1505 1504
L 1505 1471
L 1538 1443
L 1538 1489
L 1538 1490
L 1539 1445
L 1539 1487
L 1539 1488
L 1540 1447
L 1540 1486
L 1540 1485
L 1541 1489
L 1541 1538
L 1541 1490
L 1542 1487
L 1542 1488
L 1542 1539
L 1543 1486
L 1543 1540
L 1543 1485
L 1544 1476
L 1544 1477
L 1544 1448
L 1545 1478
L 1545 1450
L 1545 1479
L 1546 1478
L 1546 1460
L 1546 1450
L 1547 1442
L 1547 1471
L 1547 1466
L 1548 1084
L 1548 1466
L 1548 1469
L 1549 1084
L 1549 1469
L 1549 1467
L 1550 1082
L 1550 1467
L 1550 1495
L 1551 1082
L 1551 1494
L 1551 1495
L 1552 1083
L 1552 1492
L 1552 1493
L 1553 1083
L 1553 1493
L 1553 1468
L 1554 1085
L 1554 1468
L 1554 1491
L 1555 1085
L 1555 1465
L 1555 1491
L 1556 1465
L 1556 1443
L 1556 1490
L 1557 1449
L 1557 1480
L 1557 1481
L 1558 1451
L 1558 1484
L 1558 1483
L 1559 1482
L 1559 1451
L 1559 1483
